24	24	0
24	25	1
24	26	2
24	27	3
24	20	3
24	21	4
24	22	5
24	23	6
24	28	3
24	29	4
24	4	6
24	8	4
24	59	6
24	58	5
24	55	5
24	54	4
24	57	4
24	56	6
24	51	3
24	50	5
24	53	5
24	52	4
24	88	8
24	89	7
24	82	4
24	83	5
24	80	7
24	81	3
24	86	7
24	87	8
24	84	6
24	85	7
24	3	6
24	7	4
24	39	4
24	38	5
24	33	4
24	32	3
24	31	2
24	30	5
24	37	5
24	36	6
24	35	5
24	34	6
24	60	3
24	61	2
24	62	4
24	63	5
24	64	6
24	65	4
24	66	5
24	67	6
24	68	6
24	69	7
24	2	6
24	6	5
24	91	5
24	90	6
24	93	6
24	92	5
24	95	4
24	94	5
24	96	6
24	11	3
24	10	4
24	13	4
24	12	5
24	15	3
24	14	4
24	17	2
24	16	2
24	19	2
24	18	1
24	48	3
24	49	4
24	1	5
24	5	5
24	9	3
24	77	7
24	76	7
24	75	6
24	74	7
24	73	8
24	72	7
24	71	6
24	70	8
24	79	6
24	78	5
25	24	1
25	25	0
25	26	1
25	27	2
25	20	4
25	21	5
25	22	4
25	23	5
25	28	4
25	29	5
25	4	5
25	8	5
25	59	5
25	58	6
25	55	6
25	54	5
25	57	5
25	56	5
25	51	4
25	50	5
25	53	5
25	52	5
25	88	7
25	89	6
25	82	5
25	83	6
25	80	8
25	81	4
25	86	8
25	87	8
25	84	7
25	85	8
25	3	5
25	7	5
25	39	5
25	38	6
25	33	5
25	32	4
25	31	3
25	30	4
25	37	6
25	36	7
25	35	6
25	34	7
25	60	4
25	61	3
25	62	5
25	63	6
25	64	5
25	65	5
25	66	6
25	67	6
25	68	7
25	69	8
25	2	5
25	6	6
25	91	4
25	90	5
25	93	5
25	92	4
25	95	3
25	94	4
25	96	5
25	11	4
25	10	5
25	13	5
25	12	6
25	15	4
25	14	5
25	17	3
25	16	3
25	19	3
25	18	2
25	48	4
25	49	5
25	1	4
25	5	5
25	9	4
25	77	8
25	76	8
25	75	7
25	74	7
25	73	7
25	72	8
25	71	7
25	70	7
25	79	7
25	78	6
26	24	2
26	25	1
26	26	0
26	27	1
26	20	5
26	21	4
26	22	3
26	23	4
26	28	5
26	29	4
26	4	4
26	8	6
26	59	4
26	58	5
26	55	5
26	54	6
26	57	6
26	56	4
26	51	5
26	50	4
26	53	4
26	52	5
26	88	6
26	89	5
26	82	6
26	83	7
26	80	8
26	81	5
26	86	8
26	87	7
26	84	7
26	85	7
26	3	4
26	7	5
26	39	6
26	38	7
26	33	6
26	32	5
26	31	4
26	30	3
26	37	7
26	36	8
26	35	7
26	34	8
26	60	5
26	61	4
26	62	6
26	63	5
26	64	4
26	65	6
26	66	6
26	67	5
26	68	8
26	69	7
26	2	4
26	6	5
26	91	3
26	90	4
26	93	4
26	92	3
26	95	2
26	94	3
26	96	4
26	11	5
26	10	6
26	13	6
26	12	7
26	15	5
26	14	6
26	17	4
26	16	4
26	19	4
26	18	3
26	48	5
26	49	5
26	1	3
26	5	4
26	9	5
26	77	7
26	76	8
26	75	8
26	74	6
26	73	6
26	72	7
26	71	8
26	70	6
26	79	8
26	78	7
27	24	3
27	25	2
27	26	1
27	27	0
27	20	4
27	21	3
27	22	2
27	23	3
27	28	4
27	29	3
27	4	3
27	8	5
27	59	3
27	58	4
27	55	4
27	54	5
27	57	5
27	56	3
27	51	5
27	50	3
27	53	3
27	52	4
27	88	5
27	89	4
27	82	7
27	83	7
27	80	7
27	81	6
27	86	7
27	87	6
27	84	6
27	85	6
27	3	3
27	7	4
27	39	7
27	38	8
27	33	7
27	32	6
27	31	5
27	30	2
27	37	8
27	36	9
27	35	7
27	34	8
27	60	6
27	61	5
27	62	5
27	63	4
27	64	3
27	65	6
27	66	5
27	67	4
27	68	7
27	69	6
27	2	3
27	6	4
27	91	2
27	90	3
27	93	3
27	92	2
27	95	1
27	94	2
27	96	3
27	11	6
27	10	7
27	13	7
27	12	8
27	15	6
27	14	7
27	17	5
27	16	5
27	19	5
27	18	4
27	48	5
27	49	4
27	1	2
27	5	3
27	9	5
27	77	6
27	76	7
27	75	8
27	74	5
27	73	5
27	72	6
27	71	7
27	70	5
27	79	8
27	78	8
20	24	3
20	25	4
20	26	5
20	27	4
20	20	0
20	21	1
20	22	2
20	23	5
20	28	4
20	29	5
20	4	5
20	8	5
20	59	5
20	58	6
20	55	6
20	54	5
20	57	5
20	56	5
20	51	4
20	50	5
20	53	5
20	52	5
20	88	7
20	89	6
20	82	3
20	83	4
20	80	6
20	81	2
20	86	6
20	87	7
20	84	5
20	85	6
20	3	5
20	7	5
20	39	3
20	38	4
20	33	5
20	32	4
20	31	3
20	30	4
20	37	4
20	36	5
20	35	5
20	34	6
20	60	4
20	61	3
20	62	5
20	63	6
20	64	5
20	65	5
20	66	6
20	67	6
20	68	6
20	69	7
20	2	5
20	6	6
20	91	4
20	90	5
20	93	5
20	92	4
20	95	3
20	94	4
20	96	5
20	11	4
20	10	5
20	13	5
20	12	6
20	15	4
20	14	5
20	17	3
20	16	3
20	19	1
20	18	2
20	48	4
20	49	5
20	1	4
20	5	5
20	9	4
20	77	6
20	76	6
20	75	5
20	74	6
20	73	7
20	72	6
20	71	5
20	70	7
20	79	5
20	78	4
21	24	4
21	25	5
21	26	4
21	27	3
21	20	1
21	21	0
21	22	1
21	23	4
21	28	5
21	29	4
21	4	4
21	8	6
21	59	4
21	58	5
21	55	5
21	54	6
21	57	6
21	56	4
21	51	5
21	50	4
21	53	4
21	52	5
21	88	6
21	89	5
21	82	4
21	83	5
21	80	7
21	81	3
21	86	7
21	87	7
21	84	6
21	85	7
21	3	4
21	7	5
21	39	4
21	38	5
21	33	6
21	32	5
21	31	4
21	30	3
21	37	5
21	36	6
21	35	6
21	34	7
21	60	5
21	61	4
21	62	6
21	63	5
21	64	4
21	65	6
21	66	6
21	67	5
21	68	7
21	69	7
21	2	4
21	6	5
21	91	3
21	90	4
21	93	4
21	92	3
21	95	2
21	94	3
21	96	4
21	11	5
21	10	6
21	13	6
21	12	7
21	15	5
21	14	6
21	17	4
21	16	4
21	19	2
21	18	3
21	48	5
21	49	5
21	1	3
21	5	4
21	9	5
21	77	7
21	76	7
21	75	6
21	74	6
21	73	6
21	72	7
21	71	6
21	70	6
21	79	6
21	78	5
22	24	5
22	25	4
22	26	3
22	27	2
22	20	2
22	21	1
22	22	0
22	23	3
22	28	4
22	29	3
22	4	3
22	8	5
22	59	3
22	58	4
22	55	4
22	54	5
22	57	5
22	56	3
22	51	5
22	50	3
22	53	3
22	52	4
22	88	5
22	89	4
22	82	5
22	83	6
22	80	7
22	81	4
22	86	7
22	87	6
22	84	6
22	85	6
22	3	3
22	7	4
22	39	5
22	38	6
22	33	7
22	32	6
22	31	5
22	30	2
22	37	6
22	36	7
22	35	7
22	34	8
22	60	6
22	61	5
22	62	5
22	63	4
22	64	3
22	65	6
22	66	5
22	67	4
22	68	7
22	69	6
22	2	3
22	6	4
22	91	2
22	90	3
22	93	3
22	92	2
22	95	1
22	94	2
22	96	3
22	11	6
22	10	7
22	13	7
22	12	8
22	15	6
22	14	7
22	17	5
22	16	5
22	19	3
22	18	4
22	48	5
22	49	4
22	1	2
22	5	3
22	9	5
22	77	6
22	76	7
22	75	7
22	74	5
22	73	5
22	72	6
22	71	7
22	70	5
22	79	7
22	78	6
23	24	6
23	25	5
23	26	4
23	27	3
23	20	5
23	21	4
23	22	3
23	23	0
23	28	5
23	29	4
23	4	3
23	8	5
23	59	3
23	58	4
23	55	4
23	54	5
23	57	5
23	56	3
23	51	5
23	50	3
23	53	3
23	52	4
23	88	4
23	89	3
23	82	7
23	83	6
23	80	6
23	81	7
23	86	6
23	87	5
23	84	5
23	85	5
23	3	3
23	7	4
23	39	8
23	38	9
23	33	7
23	32	7
23	31	7
23	30	3
23	37	7
23	36	8
23	35	7
23	34	8
23	60	6
23	61	6
23	62	5
23	63	4
23	64	3
23	65	6
23	66	5
23	67	4
23	68	6
23	69	5
23	2	3
23	6	4
23	91	2
23	90	3
23	93	3
23	92	1
23	95	2
23	94	2
23	96	2
23	11	6
23	10	7
23	13	8
23	12	8
23	15	8
23	14	7
23	17	7
23	16	6
23	19	6
23	18	7
23	48	5
23	49	4
23	1	2
23	5	3
23	9	5
23	77	5
23	76	6
23	75	7
23	74	4
23	73	4
23	72	5
23	71	6
23	70	4
23	79	7
23	78	8
28	24	3
28	25	4
28	26	5
28	27	4
28	20	4
28	21	5
28	22	4
28	23	5
28	28	0
28	29	1
28	4	5
28	8	5
28	59	5
28	58	4
28	55	4
28	54	3
28	57	3
28	56	5
28	51	2
28	50	4
28	53	4
28	52	3
28	88	7
28	89	6
28	82	5
28	83	6
28	80	8
28	81	4
28	86	8
28	87	8
28	84	7
28	85	8
28	3	5
28	7	5
28	39	5
28	38	6
28	33	3
28	32	2
28	31	2
28	30	2
28	37	5
28	36	6
28	35	4
28	34	5
28	60	2
28	61	1
28	62	3
28	63	4
28	64	5
28	65	3
28	66	4
28	67	5
28	68	5
28	69	6
28	2	5
28	6	6
28	91	4
28	90	5
28	93	5
28	92	4
28	95	3
28	94	4
28	96	5
28	11	4
28	10	5
28	13	5
28	12	6
28	15	4
28	14	5
28	17	3
28	16	3
28	19	3
28	18	2
28	48	2
28	49	3
28	1	4
28	5	5
28	9	4
28	77	8
28	76	7
28	75	6
28	74	7
28	73	7
28	72	7
28	71	6
28	70	7
28	79	7
28	78	6
29	24	4
29	25	5
29	26	4
29	27	3
29	20	5
29	21	4
29	22	3
29	23	4
29	28	1
29	29	0
29	4	4
29	8	6
29	59	4
29	58	5
29	55	5
29	54	4
29	57	4
29	56	4
29	51	3
29	50	4
29	53	4
29	52	4
29	88	6
29	89	5
29	82	6
29	83	7
29	80	8
29	81	5
29	86	8
29	87	7
29	84	7
29	85	7
29	3	4
29	7	5
29	39	6
29	38	7
29	33	4
29	32	3
29	31	3
29	30	1
29	37	6
29	36	7
29	35	5
29	34	6
29	60	3
29	61	2
29	62	4
29	63	5
29	64	4
29	65	4
29	66	5
29	67	5
29	68	6
29	69	7
29	2	4
29	6	5
29	91	3
29	90	4
29	93	4
29	92	3
29	95	2
29	94	3
29	96	4
29	11	5
29	10	6
29	13	6
29	12	7
29	15	5
29	14	6
29	17	4
29	16	4
29	19	4
29	18	3
29	48	3
29	49	4
29	1	3
29	5	4
29	9	5
29	77	7
29	76	8
29	75	7
29	74	6
29	73	6
29	72	7
29	71	7
29	70	6
29	79	8
29	78	7
4	24	6
4	25	5
4	26	4
4	27	3
4	20	5
4	21	4
4	22	3
4	23	3
4	28	5
4	29	4
4	4	0
4	8	2
4	59	4
4	58	5
4	55	5
4	54	6
4	57	6
4	56	4
4	51	6
4	50	4
4	53	4
4	52	5
4	88	5
4	89	4
4	82	8
4	83	7
4	80	7
4	81	7
4	86	7
4	87	6
4	84	6
4	85	6
4	3	2
4	7	3
4	39	8
4	38	9
4	33	8
4	32	7
4	31	6
4	30	3
4	37	8
4	36	9
4	35	8
4	34	9
4	60	7
4	61	6
4	62	6
4	63	5
4	64	4
4	65	7
4	66	6
4	67	5
4	68	7
4	69	6
4	2	1
4	6	1
4	91	3
4	90	4
4	93	4
4	92	2
4	95	2
4	94	3
4	96	3
4	11	3
4	10	4
4	13	5
4	12	5
4	15	6
4	14	4
4	17	5
4	16	4
4	19	6
4	18	5
4	48	6
4	49	5
4	1	1
4	5	2
4	9	4
4	77	6
4	76	7
4	75	8
4	74	5
4	73	5
4	72	6
4	71	7
4	70	5
4	79	8
4	78	9
8	24	4
8	25	5
8	26	6
8	27	5
8	20	5
8	21	6
8	22	5
8	23	5
8	28	5
8	29	6
8	4	2
8	8	0
8	59	6
8	58	7
8	55	7
8	54	6
8	57	6
8	56	6
8	51	5
8	50	6
8	53	6
8	52	6
8	88	7
8	89	6
8	82	6
8	83	7
8	80	9
8	81	5
8	86	9
8	87	8
8	84	8
8	85	8
8	3	4
8	7	3
8	39	6
8	38	7
8	33	6
8	32	5
8	31	4
8	30	5
8	37	7
8	36	8
8	35	7
8	34	8
8	60	5
8	61	4
8	62	6
8	63	7
8	64	6
8	65	6
8	66	7
8	67	7
8	68	8
8	69	8
8	2	3
8	6	1
8	91	5
8	90	6
8	93	6
8	92	4
8	95	4
8	94	5
8	96	5
8	11	1
8	10	2
8	13	3
8	12	3
8	15	4
8	14	2
8	17	3
8	16	2
8	19	4
8	18	3
8	48	5
8	49	6
8	1	3
8	5	4
8	9	2
8	77	8
8	76	9
8	75	8
8	74	7
8	73	7
8	72	8
8	71	8
8	70	7
8	79	8
8	78	7
59	24	6
59	25	5
59	26	4
59	27	3
59	20	5
59	21	4
59	22	3
59	23	3
59	28	5
59	29	4
59	4	4
59	8	6
59	59	0
59	58	1
59	55	3
59	54	4
59	57	2
59	56	2
59	51	4
59	50	2
59	53	2
59	52	3
59	88	4
59	89	3
59	82	7
59	83	6
59	80	6
59	81	7
59	86	6
59	87	5
59	84	5
59	85	5
59	3	4
59	7	5
59	39	7
59	38	8
59	33	4
59	32	4
59	31	5
59	30	3
59	37	6
59	36	7
59	35	5
59	34	6
59	60	3
59	61	4
59	62	4
59	63	3
59	64	2
59	65	4
59	66	4
59	67	3
59	68	6
59	69	5
59	2	4
59	6	5
59	91	2
59	90	2
59	93	2
59	92	2
59	95	2
59	94	1
59	96	3
59	11	7
59	10	8
59	13	8
59	12	9
59	15	7
59	14	8
59	17	6
59	16	6
59	19	6
59	18	5
59	48	4
59	49	3
59	1	3
59	5	4
59	9	6
59	77	5
59	76	6
59	75	7
59	74	4
59	73	4
59	72	5
59	71	6
59	70	4
59	79	7
59	78	8
58	24	5
58	25	6
58	26	5
58	27	4
58	20	6
58	21	5
58	22	4
58	23	4
58	28	4
58	29	5
58	4	5
58	8	7
58	59	1
58	58	0
58	55	4
58	54	3
58	57	1
58	56	3
58	51	4
58	50	3
58	53	3
58	52	4
58	88	5
58	89	4
58	82	7
58	83	7
58	80	7
58	81	6
58	86	7
58	87	6
58	84	6
58	85	6
58	3	5
58	7	6
58	39	6
58	38	7
58	33	3
58	32	3
58	31	4
58	30	4
58	37	5
58	36	6
58	35	4
58	34	5
58	60	2
58	61	3
58	62	3
58	63	4
58	64	3
58	65	3
58	66	4
58	67	4
58	68	5
58	69	6
58	2	5
58	6	6
58	91	3
58	90	3
58	93	3
58	92	3
58	95	3
58	94	2
58	96	4
58	11	6
58	10	7
58	13	7
58	12	8
58	15	6
58	14	7
58	17	5
58	16	5
58	19	5
58	18	4
58	48	4
58	49	4
58	1	4
58	5	5
58	9	6
58	77	6
58	76	7
58	75	6
58	74	5
58	73	5
58	72	6
58	71	6
58	70	5
58	79	8
58	78	7
55	24	5
55	25	6
55	26	5
55	27	4
55	20	6
55	21	5
55	22	4
55	23	4
55	28	4
55	29	5
55	4	5
55	8	7
55	59	3
55	58	4
55	55	0
55	54	1
55	57	3
55	56	1
55	51	4
55	50	3
55	53	3
55	52	4
55	88	5
55	89	4
55	82	7
55	83	7
55	80	7
55	81	6
55	86	7
55	87	6
55	84	6
55	85	6
55	3	5
55	7	6
55	39	6
55	38	7
55	33	3
55	32	3
55	31	4
55	30	4
55	37	5
55	36	6
55	35	4
55	34	5
55	60	2
55	61	3
55	62	3
55	63	4
55	64	3
55	65	3
55	66	4
55	67	4
55	68	5
55	69	6
55	2	5
55	6	6
55	91	3
55	90	3
55	93	3
55	92	3
55	95	3
55	94	2
55	96	4
55	11	6
55	10	7
55	13	7
55	12	8
55	15	6
55	14	7
55	17	5
55	16	5
55	19	5
55	18	4
55	48	4
55	49	4
55	1	4
55	5	5
55	9	6
55	77	6
55	76	7
55	75	6
55	74	5
55	73	5
55	72	6
55	71	6
55	70	5
55	79	8
55	78	7
54	24	4
54	25	5
54	26	6
54	27	5
54	20	5
54	21	6
54	22	5
54	23	5
54	28	3
54	29	4
54	4	6
54	8	6
54	59	4
54	58	3
54	55	1
54	54	0
54	57	2
54	56	2
54	51	3
54	50	4
54	53	4
54	52	4
54	88	6
54	89	5
54	82	6
54	83	7
54	80	8
54	81	5
54	86	8
54	87	7
54	84	7
54	85	7
54	3	6
54	7	6
54	39	5
54	38	6
54	33	2
54	32	2
54	31	3
54	30	5
54	37	4
54	36	5
54	35	3
54	34	4
54	60	1
54	61	2
54	62	2
54	63	3
54	64	4
54	65	2
54	66	3
54	67	4
54	68	4
54	69	5
54	2	6
54	6	7
54	91	4
54	90	4
54	93	4
54	92	4
54	95	4
54	94	3
54	96	5
54	11	5
54	10	6
54	13	6
54	12	7
54	15	5
54	14	6
54	17	4
54	16	4
54	19	4
54	18	3
54	48	3
54	49	4
54	1	5
54	5	6
54	9	5
54	77	7
54	76	6
54	75	5
54	74	6
54	73	6
54	72	6
54	71	5
54	70	6
54	79	7
54	78	6
57	24	4
57	25	5
57	26	6
57	27	5
57	20	5
57	21	6
57	22	5
57	23	5
57	28	3
57	29	4
57	4	6
57	8	6
57	59	2
57	58	1
57	55	3
57	54	2
57	57	0
57	56	4
57	51	3
57	50	4
57	53	4
57	52	4
57	88	6
57	89	5
57	82	6
57	83	7
57	80	8
57	81	5
57	86	8
57	87	7
57	84	7
57	85	7
57	3	6
57	7	6
57	39	5
57	38	6
57	33	2
57	32	2
57	31	3
57	30	5
57	37	4
57	36	5
57	35	3
57	34	4
57	60	1
57	61	2
57	62	2
57	63	3
57	64	4
57	65	2
57	66	3
57	67	4
57	68	4
57	69	5
57	2	6
57	6	7
57	91	4
57	90	4
57	93	4
57	92	4
57	95	4
57	94	3
57	96	5
57	11	5
57	10	6
57	13	6
57	12	7
57	15	5
57	14	6
57	17	4
57	16	4
57	19	4
57	18	3
57	48	3
57	49	4
57	1	5
57	5	6
57	9	5
57	77	7
57	76	6
57	75	5
57	74	6
57	73	6
57	72	6
57	71	5
57	70	6
57	79	7
57	78	6
56	24	6
56	25	5
56	26	4
56	27	3
56	20	5
56	21	4
56	22	3
56	23	3
56	28	5
56	29	4
56	4	4
56	8	6
56	59	2
56	58	3
56	55	1
56	54	2
56	57	4
56	56	0
56	51	4
56	50	2
56	53	2
56	52	3
56	88	4
56	89	3
56	82	7
56	83	6
56	80	6
56	81	7
56	86	6
56	87	5
56	84	5
56	85	5
56	3	4
56	7	5
56	39	7
56	38	8
56	33	4
56	32	4
56	31	5
56	30	3
56	37	6
56	36	7
56	35	5
56	34	6
56	60	3
56	61	4
56	62	4
56	63	3
56	64	2
56	65	4
56	66	4
56	67	3
56	68	6
56	69	5
56	2	4
56	6	5
56	91	2
56	90	2
56	93	2
56	92	2
56	95	2
56	94	1
56	96	3
56	11	7
56	10	8
56	13	8
56	12	9
56	15	7
56	14	8
56	17	6
56	16	6
56	19	6
56	18	5
56	48	4
56	49	3
56	1	3
56	5	4
56	9	6
56	77	5
56	76	6
56	75	7
56	74	4
56	73	4
56	72	5
56	71	6
56	70	4
56	79	7
56	78	8
51	24	3
51	25	4
51	26	5
51	27	5
51	20	4
51	21	5
51	22	5
51	23	5
51	28	2
51	29	3
51	4	6
51	8	5
51	59	4
51	58	4
51	55	4
51	54	3
51	57	3
51	56	4
51	51	0
51	50	4
51	53	2
51	52	1
51	88	6
51	89	5
51	82	5
51	83	6
51	80	8
51	81	4
51	86	8
51	87	7
51	84	7
51	85	7
51	3	6
51	7	5
51	39	5
51	38	6
51	33	3
51	32	2
51	31	2
51	30	4
51	37	5
51	36	6
51	35	4
51	34	5
51	60	2
51	61	1
51	62	3
51	63	4
51	64	4
51	65	3
51	66	4
51	67	5
51	68	5
51	69	6
51	2	6
51	6	6
51	91	4
51	90	4
51	93	4
51	92	4
51	95	4
51	94	3
51	96	5
51	11	4
51	10	5
51	13	5
51	12	6
51	15	4
51	14	5
51	17	3
51	16	3
51	19	3
51	18	2
51	48	2
51	49	3
51	1	5
51	5	6
51	9	4
51	77	7
51	76	7
51	75	6
51	74	6
51	73	6
51	72	7
51	71	6
51	70	6
51	79	7
51	78	6
50	24	5
50	25	5
50	26	4
50	27	3
50	20	5
50	21	4
50	22	3
50	23	3
50	28	4
50	29	4
50	4	4
50	8	6
50	59	2
50	58	3
50	55	3
50	54	4
50	57	4
50	56	2
50	51	4
50	50	0
50	53	2
50	52	3
50	88	4
50	89	3
50	82	7
50	83	6
50	80	6
50	81	6
50	86	6
50	87	5
50	84	5
50	85	5
50	3	4
50	7	5
50	39	7
50	38	8
50	33	5
50	32	4
50	31	4
50	30	3
50	37	7
50	36	8
50	35	6
50	34	7
50	60	4
50	61	3
50	62	4
50	63	3
50	64	2
50	65	5
50	66	4
50	67	3
50	68	6
50	69	5
50	2	4
50	6	5
50	91	2
50	90	2
50	93	2
50	92	2
50	95	2
50	94	1
50	96	3
50	11	6
50	10	7
50	13	7
50	12	8
50	15	6
50	14	7
50	17	5
50	16	5
50	19	5
50	18	4
50	48	2
50	49	1
50	1	3
50	5	4
50	9	6
50	77	5
50	76	6
50	75	7
50	74	4
50	73	4
50	72	5
50	71	6
50	70	4
50	79	7
50	78	8
53	24	5
53	25	5
53	26	4
53	27	3
53	20	5
53	21	4
53	22	3
53	23	3
53	28	4
53	29	4
53	4	4
53	8	6
53	59	2
53	58	3
53	55	3
53	54	4
53	57	4
53	56	2
53	51	2
53	50	2
53	53	0
53	52	1
53	88	4
53	89	3
53	82	7
53	83	6
53	80	6
53	81	6
53	86	6
53	87	5
53	84	5
53	85	5
53	3	4
53	7	5
53	39	7
53	38	8
53	33	5
53	32	4
53	31	4
53	30	3
53	37	7
53	36	8
53	35	6
53	34	7
53	60	4
53	61	3
53	62	4
53	63	3
53	64	2
53	65	5
53	66	4
53	67	3
53	68	6
53	69	5
53	2	4
53	6	5
53	91	2
53	90	2
53	93	2
53	92	2
53	95	2
53	94	1
53	96	3
53	11	6
53	10	7
53	13	7
53	12	8
53	15	6
53	14	7
53	17	5
53	16	5
53	19	5
53	18	4
53	48	4
53	49	3
53	1	3
53	5	4
53	9	6
53	77	5
53	76	6
53	75	7
53	74	4
53	73	4
53	72	5
53	71	6
53	70	4
53	79	7
53	78	8
52	24	4
52	25	5
52	26	5
52	27	4
52	20	5
52	21	5
52	22	4
52	23	4
52	28	3
52	29	4
52	4	5
52	8	6
52	59	3
52	58	4
52	55	4
52	54	4
52	57	4
52	56	3
52	51	1
52	50	3
52	53	1
52	52	0
52	88	5
52	89	4
52	82	6
52	83	7
52	80	7
52	81	5
52	86	7
52	87	6
52	84	6
52	85	6
52	3	5
52	7	6
52	39	6
52	38	7
52	33	4
52	32	3
52	31	3
52	30	4
52	37	6
52	36	7
52	35	5
52	34	6
52	60	3
52	61	2
52	62	4
52	63	4
52	64	3
52	65	4
52	66	5
52	67	4
52	68	6
52	69	6
52	2	5
52	6	6
52	91	3
52	90	3
52	93	3
52	92	3
52	95	3
52	94	2
52	96	4
52	11	5
52	10	6
52	13	6
52	12	7
52	15	5
52	14	6
52	17	4
52	16	4
52	19	4
52	18	3
52	48	3
52	49	4
52	1	4
52	5	5
52	9	5
52	77	6
52	76	7
52	75	7
52	74	5
52	73	5
52	72	6
52	71	7
52	70	5
52	79	8
52	78	7
88	24	8
88	25	7
88	26	6
88	27	5
88	20	7
88	21	6
88	22	5
88	23	4
88	28	7
88	29	6
88	4	5
88	8	7
88	59	4
88	58	5
88	55	5
88	54	6
88	57	6
88	56	4
88	51	6
88	50	4
88	53	4
88	52	5
88	88	0
88	89	1
88	82	4
88	83	3
88	80	3
88	81	5
88	86	2
88	87	1
88	84	2
88	85	1
88	3	5
88	7	6
88	39	6
88	38	7
88	33	6
88	32	7
88	31	8
88	30	5
88	37	5
88	36	6
88	35	5
88	34	6
88	60	6
88	61	7
88	62	5
88	63	4
88	64	3
88	65	5
88	66	4
88	67	3
88	68	4
88	69	3
88	2	5
88	6	6
88	91	3
88	90	2
88	93	2
88	92	3
88	95	4
88	94	3
88	96	2
88	11	8
88	10	9
88	13	10
88	12	10
88	15	9
88	14	9
88	17	8
88	16	8
88	19	6
88	18	7
88	48	6
88	49	5
88	1	4
88	5	5
88	9	7
88	77	2
88	76	3
88	75	4
88	74	1
88	73	2
88	72	3
88	71	4
88	70	2
88	79	4
88	78	5
89	24	7
89	25	6
89	26	5
89	27	4
89	20	6
89	21	5
89	22	4
89	23	3
89	28	6
89	29	5
89	4	4
89	8	6
89	59	3
89	58	4
89	55	4
89	54	5
89	57	5
89	56	3
89	51	5
89	50	3
89	53	3
89	52	4
89	88	1
89	89	0
89	82	4
89	83	3
89	80	3
89	81	5
89	86	3
89	87	2
89	84	2
89	85	2
89	3	4
89	7	5
89	39	5
89	38	6
89	33	5
89	32	6
89	31	7
89	30	4
89	37	4
89	36	5
89	35	4
89	34	5
89	60	5
89	61	6
89	62	4
89	63	3
89	64	2
89	65	4
89	66	3
89	67	2
89	68	3
89	69	2
89	2	4
89	6	5
89	91	2
89	90	1
89	93	1
89	92	2
89	95	3
89	94	2
89	96	1
89	11	7
89	10	8
89	13	9
89	12	9
89	15	9
89	14	8
89	17	8
89	16	7
89	19	6
89	18	7
89	48	5
89	49	4
89	1	3
89	5	4
89	9	6
89	77	2
89	76	3
89	75	4
89	74	1
89	73	1
89	72	2
89	71	3
89	70	1
89	79	4
89	78	5
82	24	4
82	25	5
82	26	6
82	27	7
82	20	3
82	21	4
82	22	5
82	23	7
82	28	5
82	29	6
82	4	8
82	8	6
82	59	7
82	58	7
82	55	7
82	54	6
82	57	6
82	56	7
82	51	5
82	50	7
82	53	7
82	52	6
82	88	4
82	89	4
82	82	0
82	83	1
82	80	3
82	81	1
82	86	3
82	87	4
82	84	2
82	85	3
82	3	8
82	7	6
82	39	2
82	38	3
82	33	5
82	32	5
82	31	4
82	30	7
82	37	3
82	36	4
82	35	4
82	34	5
82	60	5
82	61	4
82	62	6
82	63	7
82	64	6
82	65	5
82	66	6
82	67	6
82	68	5
82	69	6
82	2	8
82	6	7
82	91	6
82	90	5
82	93	5
82	92	6
82	95	6
82	94	6
82	96	5
82	11	5
82	10	6
82	13	6
82	12	7
82	15	5
82	14	6
82	17	4
82	16	4
82	19	2
82	18	3
82	48	5
82	49	6
82	1	7
82	5	7
82	9	5
82	77	3
82	76	4
82	75	4
82	74	3
82	73	4
82	72	5
82	71	4
82	70	5
82	79	4
82	78	3
83	24	5
83	25	6
83	26	7
83	27	7
83	20	4
83	21	5
83	22	6
83	23	6
83	28	6
83	29	7
83	4	7
83	8	7
83	59	6
83	58	7
83	55	7
83	54	7
83	57	7
83	56	6
83	51	6
83	50	6
83	53	6
83	52	7
83	88	3
83	89	3
83	82	1
83	83	0
83	80	2
83	81	2
83	86	2
83	87	3
83	84	1
83	85	2
83	3	7
83	7	7
83	39	3
83	38	4
83	33	6
83	32	6
83	31	5
83	30	7
83	37	4
83	36	5
83	35	5
83	34	6
83	60	6
83	61	5
83	62	7
83	63	6
83	64	5
83	65	6
83	66	6
83	67	5
83	68	6
83	69	5
83	2	7
83	6	8
83	91	5
83	90	4
83	93	4
83	92	5
83	95	6
83	94	5
83	96	4
83	11	6
83	10	7
83	13	7
83	12	8
83	15	6
83	14	7
83	17	5
83	16	5
83	19	3
83	18	4
83	48	6
83	49	7
83	1	6
83	5	7
83	9	6
83	77	2
83	76	3
83	75	4
83	74	2
83	73	3
83	72	4
83	71	5
83	70	4
83	79	3
83	78	4
80	24	7
80	25	8
80	26	8
80	27	7
80	20	6
80	21	7
80	22	7
80	23	6
80	28	8
80	29	8
80	4	7
80	8	9
80	59	6
80	58	7
80	55	7
80	54	8
80	57	8
80	56	6
80	51	8
80	50	6
80	53	6
80	52	7
80	88	3
80	89	3
80	82	3
80	83	2
80	80	0
80	81	4
80	86	2
80	87	3
80	84	1
80	85	2
80	3	7
80	7	8
80	39	3
80	38	4
80	33	6
80	32	7
80	31	7
80	30	7
80	37	4
80	36	5
80	35	5
80	34	6
80	60	7
80	61	7
80	62	7
80	63	6
80	64	5
80	65	6
80	66	6
80	67	5
80	68	6
80	69	5
80	2	7
80	6	8
80	91	5
80	90	4
80	93	4
80	92	5
80	95	6
80	94	5
80	96	4
80	11	8
80	10	9
80	13	9
80	12	10
80	15	8
80	14	9
80	17	7
80	16	7
80	19	5
80	18	6
80	48	8
80	49	7
80	1	6
80	5	7
80	9	8
80	77	2
80	76	3
80	75	4
80	74	2
80	73	3
80	72	4
80	71	5
80	70	4
80	79	1
80	78	2
81	24	3
81	25	4
81	26	5
81	27	6
81	20	2
81	21	3
81	22	4
81	23	7
81	28	4
81	29	5
81	4	7
81	8	5
81	59	7
81	58	6
81	55	6
81	54	5
81	57	5
81	56	7
81	51	4
81	50	6
81	53	6
81	52	5
81	88	5
81	89	5
81	82	1
81	83	2
81	80	4
81	81	0
81	86	4
81	87	5
81	84	3
81	85	4
81	3	7
81	7	5
81	39	1
81	38	2
81	33	4
81	32	4
81	31	3
81	30	6
81	37	2
81	36	3
81	35	3
81	34	4
81	60	4
81	61	3
81	62	5
81	63	6
81	64	7
81	65	4
81	66	5
81	67	6
81	68	4
81	69	5
81	2	7
81	6	6
81	91	6
81	90	6
81	93	6
81	92	6
81	95	5
81	94	6
81	96	6
81	11	4
81	10	5
81	13	5
81	12	6
81	15	4
81	14	5
81	17	3
81	16	3
81	19	1
81	18	2
81	48	4
81	49	5
81	1	6
81	5	6
81	9	4
81	77	4
81	76	4
81	75	3
81	74	4
81	73	5
81	72	4
81	71	3
81	70	6
81	79	3
81	78	2
86	24	7
86	25	8
86	26	8
86	27	7
86	20	6
86	21	7
86	22	7
86	23	6
86	28	8
86	29	8
86	4	7
86	8	9
86	59	6
86	58	7
86	55	7
86	54	8
86	57	8
86	56	6
86	51	8
86	50	6
86	53	6
86	52	7
86	88	2
86	89	3
86	82	3
86	83	2
86	80	2
86	81	4
86	86	0
86	87	1
86	84	1
86	85	1
86	3	7
86	7	8
86	39	5
86	38	6
86	33	7
86	32	8
86	31	7
86	30	7
86	37	5
86	36	6
86	35	6
86	34	7
86	60	8
86	61	7
86	62	7
86	63	6
86	64	5
86	65	7
86	66	6
86	67	5
86	68	6
86	69	5
86	2	7
86	6	8
86	91	5
86	90	4
86	93	4
86	92	5
86	95	6
86	94	5
86	96	4
86	11	8
86	10	9
86	13	9
86	12	10
86	15	8
86	14	9
86	17	7
86	16	7
86	19	5
86	18	6
86	48	8
86	49	7
86	1	6
86	5	7
86	9	8
86	77	2
86	76	3
86	75	4
86	74	2
86	73	3
86	72	4
86	71	5
86	70	4
86	79	3
86	78	4
87	24	8
87	25	8
87	26	7
87	27	6
87	20	7
87	21	7
87	22	6
87	23	5
87	28	8
87	29	7
87	4	6
87	8	8
87	59	5
87	58	6
87	55	6
87	54	7
87	57	7
87	56	5
87	51	7
87	50	5
87	53	5
87	52	6
87	88	1
87	89	2
87	82	4
87	83	3
87	80	3
87	81	5
87	86	1
87	87	0
87	84	2
87	85	1
87	3	6
87	7	7
87	39	6
87	38	7
87	33	7
87	32	8
87	31	8
87	30	6
87	37	6
87	36	7
87	35	6
87	34	7
87	60	7
87	61	8
87	62	6
87	63	5
87	64	4
87	65	6
87	66	5
87	67	4
87	68	5
87	69	4
87	2	6
87	6	7
87	91	4
87	90	3
87	93	3
87	92	4
87	95	5
87	94	4
87	96	3
87	11	9
87	10	10
87	13	10
87	12	11
87	15	9
87	14	10
87	17	8
87	16	8
87	19	6
87	18	7
87	48	7
87	49	6
87	1	5
87	5	6
87	9	8
87	77	3
87	76	4
87	75	5
87	74	2
87	73	3
87	72	4
87	71	5
87	70	3
87	79	4
87	78	5
84	24	6
84	25	7
84	26	7
84	27	6
84	20	5
84	21	6
84	22	6
84	23	5
84	28	7
84	29	7
84	4	6
84	8	8
84	59	5
84	58	6
84	55	6
84	54	7
84	57	7
84	56	5
84	51	7
84	50	5
84	53	5
84	52	6
84	88	2
84	89	2
84	82	2
84	83	1
84	80	1
84	81	3
84	86	1
84	87	2
84	84	0
84	85	1
84	3	6
84	7	7
84	39	4
84	38	5
84	33	6
84	32	7
84	31	6
84	30	6
84	37	4
84	36	5
84	35	5
84	34	6
84	60	7
84	61	6
84	62	6
84	63	5
84	64	4
84	65	6
84	66	5
84	67	4
84	68	5
84	69	4
84	2	6
84	6	7
84	91	4
84	90	3
84	93	3
84	92	4
84	95	5
84	94	4
84	96	3
84	11	7
84	10	8
84	13	8
84	12	9
84	15	7
84	14	8
84	17	6
84	16	6
84	19	4
84	18	5
84	48	7
84	49	6
84	1	5
84	5	6
84	9	7
84	77	1
84	76	2
84	75	3
84	74	1
84	73	2
84	72	3
84	71	4
84	70	3
84	79	2
84	78	3
85	24	7
85	25	8
85	26	7
85	27	6
85	20	6
85	21	7
85	22	6
85	23	5
85	28	8
85	29	7
85	4	6
85	8	8
85	59	5
85	58	6
85	55	6
85	54	7
85	57	7
85	56	5
85	51	7
85	50	5
85	53	5
85	52	6
85	88	1
85	89	2
85	82	3
85	83	2
85	80	2
85	81	4
85	86	1
85	87	1
85	84	1
85	85	0
85	3	6
85	7	7
85	39	5
85	38	6
85	33	7
85	32	8
85	31	7
85	30	6
85	37	5
85	36	6
85	35	6
85	34	7
85	60	7
85	61	7
85	62	6
85	63	5
85	64	4
85	65	6
85	66	5
85	67	4
85	68	5
85	69	4
85	2	6
85	6	7
85	91	4
85	90	3
85	93	3
85	92	4
85	95	5
85	94	4
85	96	3
85	11	8
85	10	9
85	13	9
85	12	10
85	15	8
85	14	9
85	17	7
85	16	7
85	19	5
85	18	6
85	48	7
85	49	6
85	1	5
85	5	6
85	9	8
85	77	2
85	76	3
85	75	4
85	74	1
85	73	2
85	72	3
85	71	4
85	70	3
85	79	3
85	78	4
3	24	6
3	25	5
3	26	4
3	27	3
3	20	5
3	21	4
3	22	3
3	23	3
3	28	5
3	29	4
3	4	2
3	8	4
3	59	4
3	58	5
3	55	5
3	54	6
3	57	6
3	56	4
3	51	6
3	50	4
3	53	4
3	52	5
3	88	5
3	89	4
3	82	8
3	83	7
3	80	7
3	81	7
3	86	7
3	87	6
3	84	6
3	85	6
3	3	0
3	7	3
3	39	8
3	38	9
3	33	8
3	32	7
3	31	7
3	30	3
3	37	8
3	36	9
3	35	8
3	34	9
3	60	7
3	61	6
3	62	6
3	63	5
3	64	4
3	65	7
3	66	6
3	67	5
3	68	7
3	69	6
3	2	1
3	6	3
3	91	3
3	90	4
3	93	4
3	92	2
3	95	2
3	94	3
3	96	3
3	11	5
3	10	6
3	13	7
3	12	7
3	15	7
3	14	6
3	17	6
3	16	5
3	19	6
3	18	6
3	48	6
3	49	5
3	1	1
3	5	2
3	9	4
3	77	6
3	76	7
3	75	8
3	74	5
3	73	5
3	72	6
3	71	7
3	70	5
3	79	8
3	78	9
7	24	4
7	25	5
7	26	5
7	27	4
7	20	5
7	21	5
7	22	4
7	23	4
7	28	5
7	29	5
7	4	3
7	8	3
7	59	5
7	58	6
7	55	6
7	54	6
7	57	6
7	56	5
7	51	5
7	50	5
7	53	5
7	52	6
7	88	6
7	89	5
7	82	6
7	83	7
7	80	8
7	81	5
7	86	8
7	87	7
7	84	7
7	85	7
7	3	3
7	7	0
7	39	6
7	38	7
7	33	6
7	32	5
7	31	4
7	30	4
7	37	7
7	36	8
7	35	7
7	34	8
7	60	5
7	61	4
7	62	6
7	63	6
7	64	5
7	65	6
7	66	7
7	67	6
7	68	8
7	69	7
7	2	3
7	6	4
7	91	4
7	90	5
7	93	5
7	92	3
7	95	3
7	94	4
7	96	4
7	11	2
7	10	3
7	13	4
7	12	4
7	15	4
7	14	3
7	17	3
7	16	2
7	19	4
7	18	3
7	48	5
7	49	6
7	1	2
7	5	1
7	9	1
7	77	7
7	76	8
7	75	8
7	74	6
7	73	6
7	72	7
7	71	8
7	70	6
7	79	8
7	78	7
39	24	4
39	25	5
39	26	6
39	27	7
39	20	3
39	21	4
39	22	5
39	23	8
39	28	5
39	29	6
39	4	8
39	8	6
39	59	7
39	58	6
39	55	6
39	54	5
39	57	5
39	56	7
39	51	5
39	50	7
39	53	7
39	52	6
39	88	6
39	89	5
39	82	2
39	83	3
39	80	3
39	81	1
39	86	5
39	87	6
39	84	4
39	85	5
39	3	8
39	7	6
39	39	0
39	38	1
39	33	3
39	32	4
39	31	4
39	30	7
39	37	1
39	36	2
39	35	2
39	34	3
39	60	4
39	61	4
39	62	5
39	63	6
39	64	7
39	65	3
39	66	4
39	67	5
39	68	3
39	69	4
39	2	8
39	6	7
39	91	7
39	90	6
39	93	6
39	92	7
39	95	6
39	94	7
39	96	6
39	11	5
39	10	6
39	13	6
39	12	7
39	15	5
39	14	6
39	17	4
39	16	4
39	19	2
39	18	3
39	48	5
39	49	6
39	1	7
39	5	7
39	9	5
39	77	4
39	76	3
39	75	2
39	74	5
39	73	4
39	72	3
39	71	2
39	70	5
39	79	2
39	78	1
38	24	5
38	25	6
38	26	7
38	27	8
38	20	4
38	21	5
38	22	6
38	23	9
38	28	6
38	29	7
38	4	9
38	8	7
38	59	8
38	58	7
38	55	7
38	54	6
38	57	6
38	56	8
38	51	6
38	50	8
38	53	8
38	52	7
38	88	7
38	89	6
38	82	3
38	83	4
38	80	4
38	81	2
38	86	6
38	87	7
38	84	5
38	85	6
38	3	9
38	7	7
38	39	1
38	38	0
38	33	4
38	32	5
38	31	5
38	30	8
38	37	2
38	36	1
38	35	3
38	34	2
38	60	5
38	61	5
38	62	6
38	63	7
38	64	8
38	65	4
38	66	5
38	67	6
38	68	4
38	69	5
38	2	9
38	6	8
38	91	8
38	90	7
38	93	7
38	92	8
38	95	7
38	94	8
38	96	7
38	11	6
38	10	7
38	13	7
38	12	8
38	15	6
38	14	7
38	17	5
38	16	5
38	19	3
38	18	4
38	48	6
38	49	7
38	1	8
38	5	8
38	9	6
38	77	5
38	76	4
38	75	3
38	74	6
38	73	5
38	72	4
38	71	3
38	70	6
38	79	3
38	78	2
33	24	4
33	25	5
33	26	6
33	27	7
33	20	5
33	21	6
33	22	7
33	23	7
33	28	3
33	29	4
33	4	8
33	8	6
33	59	4
33	58	3
33	55	3
33	54	2
33	57	2
33	56	4
33	51	3
33	50	5
33	53	5
33	52	4
33	88	6
33	89	5
33	82	5
33	83	6
33	80	6
33	81	4
33	86	7
33	87	7
33	84	6
33	85	7
33	3	8
33	7	6
33	39	3
33	38	4
33	33	0
33	32	1
33	31	2
33	30	5
33	37	2
33	36	3
33	35	1
33	34	2
33	60	1
33	61	2
33	62	2
33	63	3
33	64	4
33	65	1
33	66	2
33	67	3
33	68	2
33	69	3
33	2	8
33	6	7
33	91	5
33	90	5
33	93	4
33	92	6
33	95	6
33	94	5
33	96	6
33	11	5
33	10	6
33	13	5
33	12	6
33	15	4
33	14	6
33	17	3
33	16	4
33	19	4
33	18	3
33	48	3
33	49	4
33	1	7
33	5	7
33	9	5
33	77	5
33	76	4
33	75	3
33	74	6
33	73	5
33	72	4
33	71	3
33	70	4
33	79	5
33	78	4
32	24	3
32	25	4
32	26	5
32	27	6
32	20	4
32	21	5
32	22	6
32	23	7
32	28	2
32	29	3
32	4	7
32	8	5
32	59	4
32	58	3
32	55	3
32	54	2
32	57	2
32	56	4
32	51	2
32	50	4
32	53	4
32	52	3
32	88	7
32	89	6
32	82	5
32	83	6
32	80	7
32	81	4
32	86	8
32	87	8
32	84	7
32	85	8
32	3	7
32	7	5
32	39	4
32	38	5
32	33	1
32	32	0
32	31	1
32	30	4
32	37	3
32	36	4
32	35	2
32	34	3
32	60	1
32	61	1
32	62	2
32	63	3
32	64	4
32	65	2
32	66	3
32	67	4
32	68	3
32	69	4
32	2	7
32	6	6
32	91	6
32	90	6
32	93	5
32	92	6
32	95	5
32	94	5
32	96	7
32	11	4
32	10	5
32	13	4
32	12	5
32	15	3
32	14	5
32	17	2
32	16	3
32	19	3
32	18	2
32	48	2
32	49	3
32	1	6
32	5	6
32	9	4
32	77	6
32	76	5
32	75	4
32	74	7
32	73	6
32	72	5
32	71	4
32	70	5
32	79	6
32	78	5
31	24	2
31	25	3
31	26	4
31	27	5
31	20	3
31	21	4
31	22	5
31	23	7
31	28	2
31	29	3
31	4	6
31	8	4
31	59	5
31	58	4
31	55	4
31	54	3
31	57	3
31	56	5
31	51	2
31	50	4
31	53	4
31	52	3
31	88	8
31	89	7
31	82	4
31	83	5
31	80	7
31	81	3
31	86	7
31	87	8
31	84	6
31	85	7
31	3	7
31	7	4
31	39	4
31	38	5
31	33	2
31	32	1
31	31	0
31	30	4
31	37	4
31	36	5
31	35	3
31	34	4
31	60	2
31	61	1
31	62	3
31	63	4
31	64	5
31	65	3
31	66	4
31	67	5
31	68	4
31	69	5
31	2	7
31	6	5
31	91	6
31	90	6
31	93	6
31	92	6
31	95	5
31	94	5
31	96	7
31	11	3
31	10	4
31	13	3
31	12	4
31	15	2
31	14	4
31	17	1
31	16	2
31	19	2
31	18	1
31	48	2
31	49	3
31	1	6
31	5	5
31	9	3
31	77	7
31	76	6
31	75	5
31	74	7
31	73	7
31	72	6
31	71	5
31	70	6
31	79	6
31	78	5
30	24	5
30	25	4
30	26	3
30	27	2
30	20	4
30	21	3
30	22	2
30	23	3
30	28	2
30	29	1
30	4	3
30	8	5
30	59	3
30	58	4
30	55	4
30	54	5
30	57	5
30	56	3
30	51	4
30	50	3
30	53	3
30	52	4
30	88	5
30	89	4
30	82	7
30	83	7
30	80	7
30	81	6
30	86	7
30	87	6
30	84	6
30	85	6
30	3	3
30	7	4
30	39	7
30	38	8
30	33	5
30	32	4
30	31	4
30	30	0
30	37	7
30	36	8
30	35	6
30	34	7
30	60	4
30	61	3
30	62	5
30	63	4
30	64	3
30	65	5
30	66	5
30	67	4
30	68	7
30	69	6
30	2	3
30	6	4
30	91	2
30	90	3
30	93	3
30	92	2
30	95	1
30	94	2
30	96	3
30	11	6
30	10	7
30	13	7
30	12	8
30	15	6
30	14	7
30	17	5
30	16	5
30	19	5
30	18	4
30	48	4
30	49	4
30	1	2
30	5	3
30	9	5
30	77	6
30	76	7
30	75	8
30	74	5
30	73	5
30	72	6
30	71	7
30	70	5
30	79	8
30	78	8
37	24	5
37	25	6
37	26	7
37	27	8
37	20	4
37	21	5
37	22	6
37	23	7
37	28	5
37	29	6
37	4	8
37	8	7
37	59	6
37	58	5
37	55	5
37	54	4
37	57	4
37	56	6
37	51	5
37	50	7
37	53	7
37	52	6
37	88	5
37	89	4
37	82	3
37	83	4
37	80	4
37	81	2
37	86	5
37	87	6
37	84	4
37	85	5
37	3	8
37	7	7
37	39	1
37	38	2
37	33	2
37	32	3
37	31	4
37	30	7
37	37	0
37	36	1
37	35	1
37	34	2
37	60	3
37	61	4
37	62	4
37	63	5
37	64	6
37	65	2
37	66	3
37	67	4
37	68	2
37	69	3
37	2	8
37	6	8
37	91	6
37	90	5
37	93	5
37	92	6
37	95	7
37	94	6
37	96	5
37	11	6
37	10	7
37	13	7
37	12	8
37	15	6
37	14	7
37	17	5
37	16	5
37	19	3
37	18	4
37	48	5
37	49	6
37	1	7
37	5	8
37	9	6
37	77	3
37	76	2
37	75	1
37	74	4
37	73	3
37	72	2
37	71	1
37	70	4
37	79	3
37	78	2
36	24	6
36	25	7
36	26	8
36	27	9
36	20	5
36	21	6
36	22	7
36	23	8
36	28	6
36	29	7
36	4	9
36	8	8
36	59	7
36	58	6
36	55	6
36	54	5
36	57	5
36	56	7
36	51	6
36	50	8
36	53	8
36	52	7
36	88	6
36	89	5
36	82	4
36	83	5
36	80	5
36	81	3
36	86	6
36	87	7
36	84	5
36	85	6
36	3	9
36	7	8
36	39	2
36	38	1
36	33	3
36	32	4
36	31	5
36	30	8
36	37	1
36	36	0
36	35	2
36	34	1
36	60	4
36	61	5
36	62	5
36	63	6
36	64	7
36	65	3
36	66	4
36	67	5
36	68	3
36	69	4
36	2	9
36	6	9
36	91	7
36	90	6
36	93	6
36	92	7
36	95	8
36	94	7
36	96	6
36	11	7
36	10	8
36	13	8
36	12	9
36	15	7
36	14	8
36	17	6
36	16	6
36	19	4
36	18	5
36	48	6
36	49	7
36	1	8
36	5	9
36	9	7
36	77	4
36	76	3
36	75	2
36	74	5
36	73	4
36	72	3
36	71	2
36	70	5
36	79	4
36	78	3
35	24	5
35	25	6
35	26	7
35	27	7
35	20	5
35	21	6
35	22	7
35	23	7
35	28	4
35	29	5
35	4	8
35	8	7
35	59	5
35	58	4
35	55	4
35	54	3
35	57	3
35	56	5
35	51	4
35	50	6
35	53	6
35	52	5
35	88	5
35	89	4
35	82	4
35	83	5
35	80	5
35	81	3
35	86	6
35	87	6
35	84	5
35	85	6
35	3	8
35	7	7
35	39	2
35	38	3
35	33	1
35	32	2
35	31	3
35	30	6
35	37	1
35	36	2
35	35	0
35	34	1
35	60	2
35	61	3
35	62	3
35	63	4
35	64	5
35	65	1
35	66	2
35	67	3
35	68	1
35	69	2
35	2	8
35	6	8
35	91	5
35	90	5
35	93	4
35	92	6
35	95	6
35	94	5
35	96	5
35	11	6
35	10	7
35	13	6
35	12	7
35	15	5
35	14	7
35	17	4
35	16	5
35	19	4
35	18	4
35	48	4
35	49	5
35	1	7
35	5	8
35	9	6
35	77	4
35	76	3
35	75	2
35	74	5
35	73	4
35	72	3
35	71	2
35	70	3
35	79	4
35	78	3
34	24	6
34	25	7
34	26	8
34	27	8
34	20	6
34	21	7
34	22	8
34	23	8
34	28	5
34	29	6
34	4	9
34	8	8
34	59	6
34	58	5
34	55	5
34	54	4
34	57	4
34	56	6
34	51	5
34	50	7
34	53	7
34	52	6
34	88	6
34	89	5
34	82	5
34	83	6
34	80	6
34	81	4
34	86	7
34	87	7
34	84	6
34	85	7
34	3	9
34	7	8
34	39	3
34	38	2
34	33	2
34	32	3
34	31	4
34	30	7
34	37	2
34	36	1
34	35	1
34	34	0
34	60	3
34	61	4
34	62	4
34	63	5
34	64	6
34	65	2
34	66	3
34	67	4
34	68	2
34	69	3
34	2	9
34	6	9
34	91	6
34	90	6
34	93	5
34	92	7
34	95	7
34	94	6
34	96	6
34	11	7
34	10	8
34	13	7
34	12	8
34	15	6
34	14	8
34	17	5
34	16	6
34	19	5
34	18	5
34	48	5
34	49	6
34	1	8
34	5	9
34	9	7
34	77	5
34	76	4
34	75	3
34	74	6
34	73	5
34	72	4
34	71	3
34	70	4
34	79	5
34	78	4
60	24	3
60	25	4
60	26	5
60	27	6
60	20	4
60	21	5
60	22	6
60	23	6
60	28	2
60	29	3
60	4	7
60	8	5
60	59	3
60	58	2
60	55	2
60	54	1
60	57	1
60	56	3
60	51	2
60	50	4
60	53	4
60	52	3
60	88	6
60	89	5
60	82	5
60	83	6
60	80	7
60	81	4
60	86	8
60	87	7
60	84	7
60	85	7
60	3	7
60	7	5
60	39	4
60	38	5
60	33	1
60	32	1
60	31	2
60	30	4
60	37	3
60	36	4
60	35	2
60	34	3
60	60	0
60	61	1
60	62	1
60	63	2
60	64	3
60	65	1
60	66	2
60	67	3
60	68	3
60	69	4
60	2	7
60	6	6
60	91	5
60	90	5
60	93	4
60	92	5
60	95	5
60	94	4
60	96	6
60	11	4
60	10	5
60	13	5
60	12	6
60	15	4
60	14	5
60	17	3
60	16	3
60	19	3
60	18	2
60	48	2
60	49	3
60	1	6
60	5	6
60	9	4
60	77	6
60	76	5
60	75	4
60	74	6
60	73	6
60	72	5
60	71	4
60	70	5
60	79	6
60	78	5
61	24	2
61	25	3
61	26	4
61	27	5
61	20	3
61	21	4
61	22	5
61	23	6
61	28	1
61	29	2
61	4	6
61	8	4
61	59	4
61	58	3
61	55	3
61	54	2
61	57	2
61	56	4
61	51	1
61	50	3
61	53	3
61	52	2
61	88	7
61	89	6
61	82	4
61	83	5
61	80	7
61	81	3
61	86	7
61	87	8
61	84	6
61	85	7
61	3	6
61	7	4
61	39	4
61	38	5
61	33	2
61	32	1
61	31	1
61	30	3
61	37	4
61	36	5
61	35	3
61	34	4
61	60	1
61	61	0
61	62	2
61	63	3
61	64	4
61	65	2
61	66	3
61	67	4
61	68	4
61	69	5
61	2	6
61	6	5
61	91	5
61	90	5
61	93	5
61	92	5
61	95	4
61	94	4
61	96	6
61	11	3
61	10	4
61	13	4
61	12	5
61	15	3
61	14	4
61	17	2
61	16	2
61	19	2
61	18	1
61	48	1
61	49	2
61	1	5
61	5	5
61	9	3
61	77	7
61	76	6
61	75	5
61	74	7
61	73	7
61	72	6
61	71	5
61	70	6
61	79	6
61	78	5
62	24	4
62	25	5
62	26	6
62	27	5
62	20	5
62	21	6
62	22	5
62	23	5
62	28	3
62	29	4
62	4	6
62	8	6
62	59	4
62	58	3
62	55	3
62	54	2
62	57	2
62	56	4
62	51	3
62	50	4
62	53	4
62	52	4
62	88	5
62	89	4
62	82	6
62	83	7
62	80	7
62	81	5
62	86	7
62	87	6
62	84	6
62	85	6
62	3	6
62	7	6
62	39	5
62	38	6
62	33	2
62	32	2
62	31	3
62	30	5
62	37	4
62	36	5
62	35	3
62	34	4
62	60	1
62	61	2
62	62	0
62	63	1
62	64	2
62	65	2
62	66	3
62	67	4
62	68	4
62	69	5
62	2	6
62	6	7
62	91	4
62	90	4
62	93	3
62	92	4
62	95	4
62	94	3
62	96	5
62	11	5
62	10	6
62	13	6
62	12	7
62	15	5
62	14	6
62	17	4
62	16	4
62	19	4
62	18	3
62	48	3
62	49	4
62	1	5
62	5	6
62	9	5
62	77	6
62	76	6
62	75	5
62	74	5
62	73	5
62	72	6
62	71	5
62	70	5
62	79	7
62	78	6
63	24	5
63	25	6
63	26	5
63	27	4
63	20	6
63	21	5
63	22	4
63	23	4
63	28	4
63	29	5
63	4	5
63	8	7
63	59	3
63	58	4
63	55	4
63	54	3
63	57	3
63	56	3
63	51	4
63	50	3
63	53	3
63	52	4
63	88	4
63	89	3
63	82	7
63	83	6
63	80	6
63	81	6
63	86	6
63	87	5
63	84	5
63	85	5
63	3	5
63	7	6
63	39	6
63	38	7
63	33	3
63	32	3
63	31	4
63	30	4
63	37	5
63	36	6
63	35	4
63	34	5
63	60	2
63	61	3
63	62	1
63	63	0
63	64	1
63	65	3
63	66	4
63	67	3
63	68	5
63	69	5
63	2	5
63	6	6
63	91	3
63	90	3
63	93	2
63	92	3
63	95	3
63	94	2
63	96	4
63	11	6
63	10	7
63	13	7
63	12	8
63	15	6
63	14	7
63	17	5
63	16	5
63	19	5
63	18	4
63	48	4
63	49	4
63	1	4
63	5	5
63	9	6
63	77	5
63	76	6
63	75	6
63	74	4
63	73	4
63	72	5
63	71	6
63	70	4
63	79	7
63	78	7
64	24	6
64	25	5
64	26	4
64	27	3
64	20	5
64	21	4
64	22	3
64	23	3
64	28	5
64	29	4
64	4	4
64	8	6
64	59	2
64	58	3
64	55	3
64	54	4
64	57	4
64	56	2
64	51	4
64	50	2
64	53	2
64	52	3
64	88	3
64	89	2
64	82	6
64	83	5
64	80	5
64	81	7
64	86	5
64	87	4
64	84	4
64	85	4
64	3	4
64	7	5
64	39	7
64	38	8
64	33	4
64	32	4
64	31	5
64	30	3
64	37	6
64	36	7
64	35	5
64	34	6
64	60	3
64	61	4
64	62	2
64	63	1
64	64	0
64	65	4
64	66	3
64	67	2
64	68	5
64	69	4
64	2	4
64	6	5
64	91	2
64	90	2
64	93	1
64	92	2
64	95	2
64	94	1
64	96	3
64	11	7
64	10	8
64	13	8
64	12	9
64	15	7
64	14	8
64	17	6
64	16	6
64	19	6
64	18	5
64	48	4
64	49	3
64	1	3
64	5	4
64	9	6
64	77	4
64	76	5
64	75	6
64	74	3
64	73	3
64	72	4
64	71	5
64	70	3
64	79	6
64	78	7
65	24	4
65	25	5
65	26	6
65	27	6
65	20	5
65	21	6
65	22	6
65	23	6
65	28	3
65	29	4
65	4	7
65	8	6
65	59	4
65	58	3
65	55	3
65	54	2
65	57	2
65	56	4
65	51	3
65	50	5
65	53	5
65	52	4
65	88	5
65	89	4
65	82	5
65	83	6
65	80	6
65	81	4
65	86	7
65	87	6
65	84	6
65	85	6
65	3	7
65	7	6
65	39	3
65	38	4
65	33	1
65	32	2
65	31	3
65	30	5
65	37	2
65	36	3
65	35	1
65	34	2
65	60	1
65	61	2
65	62	2
65	63	3
65	64	4
65	65	0
65	66	1
65	67	2
65	68	2
65	69	3
65	2	7
65	6	7
65	91	4
65	90	4
65	93	3
65	92	5
65	95	5
65	94	4
65	96	5
65	11	5
65	10	6
65	13	6
65	12	7
65	15	5
65	14	6
65	17	4
65	16	4
65	19	4
65	18	3
65	48	3
65	49	4
65	1	6
65	5	7
65	9	5
65	77	5
65	76	4
65	75	3
65	74	5
65	73	5
65	72	4
65	71	3
65	70	4
65	79	5
65	78	4
66	24	5
66	25	6
66	26	6
66	27	5
66	20	6
66	21	6
66	22	5
66	23	5
66	28	4
66	29	5
66	4	6
66	8	7
66	59	4
66	58	4
66	55	4
66	54	3
66	57	3
66	56	4
66	51	4
66	50	4
66	53	4
66	52	5
66	88	4
66	89	3
66	82	6
66	83	6
66	80	6
66	81	5
66	86	6
66	87	5
66	84	5
66	85	5
66	3	6
66	7	7
66	39	4
66	38	5
66	33	2
66	32	3
66	31	4
66	30	5
66	37	3
66	36	4
66	35	2
66	34	3
66	60	2
66	61	3
66	62	3
66	63	4
66	64	3
66	65	1
66	66	0
66	67	1
66	68	3
66	69	4
66	2	6
66	6	7
66	91	3
66	90	3
66	93	2
66	92	4
66	95	4
66	94	3
66	96	4
66	11	6
66	10	7
66	13	7
66	12	8
66	15	6
66	14	7
66	17	5
66	16	5
66	19	5
66	18	4
66	48	4
66	49	5
66	1	5
66	5	6
66	9	6
66	77	5
66	76	5
66	75	4
66	74	4
66	73	4
66	72	5
66	71	4
66	70	4
66	79	6
66	78	5
67	24	6
67	25	6
67	26	5
67	27	4
67	20	6
67	21	5
67	22	4
67	23	4
67	28	5
67	29	5
67	4	5
67	8	7
67	59	3
67	58	4
67	55	4
67	54	4
67	57	4
67	56	3
67	51	5
67	50	3
67	53	3
67	52	4
67	88	3
67	89	2
67	82	6
67	83	5
67	80	5
67	81	6
67	86	5
67	87	4
67	84	4
67	85	4
67	3	5
67	7	6
67	39	5
67	38	6
67	33	3
67	32	4
67	31	5
67	30	4
67	37	4
67	36	5
67	35	3
67	34	4
67	60	3
67	61	4
67	62	4
67	63	3
67	64	2
67	65	2
67	66	1
67	67	0
67	68	4
67	69	4
67	2	5
67	6	6
67	91	2
67	90	2
67	93	1
67	92	3
67	95	3
67	94	2
67	96	3
67	11	7
67	10	8
67	13	8
67	12	9
67	15	7
67	14	8
67	17	6
67	16	6
67	19	6
67	18	5
67	48	5
67	49	4
67	1	4
67	5	5
67	9	7
67	77	4
67	76	5
67	75	5
67	74	3
67	73	3
67	72	4
67	71	5
67	70	3
67	79	6
67	78	6
68	24	6
68	25	7
68	26	8
68	27	7
68	20	6
68	21	7
68	22	7
68	23	6
68	28	5
68	29	6
68	4	7
68	8	8
68	59	6
68	58	5
68	55	5
68	54	4
68	57	4
68	56	6
68	51	5
68	50	6
68	53	6
68	52	6
68	88	4
68	89	3
68	82	5
68	83	6
68	80	6
68	81	4
68	86	6
68	87	5
68	84	5
68	85	5
68	3	7
68	7	8
68	39	3
68	38	4
68	33	2
68	32	3
68	31	4
68	30	7
68	37	2
68	36	3
68	35	1
68	34	2
68	60	3
68	61	4
68	62	4
68	63	5
68	64	5
68	65	2
68	66	3
68	67	4
68	68	0
68	69	1
68	2	7
68	6	8
68	91	5
68	90	4
68	93	4
68	92	5
68	95	6
68	94	5
68	96	4
68	11	7
68	10	8
68	13	7
68	12	8
68	15	6
68	14	8
68	17	5
68	16	6
68	19	5
68	18	5
68	48	5
68	49	6
68	1	6
68	5	7
68	9	7
68	77	5
68	76	4
68	75	3
68	74	4
68	73	4
68	72	4
68	71	3
68	70	2
68	79	5
68	78	4
69	24	7
69	25	8
69	26	7
69	27	6
69	20	7
69	21	7
69	22	6
69	23	5
69	28	6
69	29	7
69	4	6
69	8	8
69	59	5
69	58	6
69	55	6
69	54	5
69	57	5
69	56	5
69	51	6
69	50	5
69	53	5
69	52	6
69	88	3
69	89	2
69	82	6
69	83	5
69	80	5
69	81	5
69	86	5
69	87	4
69	84	4
69	85	4
69	3	6
69	7	7
69	39	4
69	38	5
69	33	3
69	32	4
69	31	5
69	30	6
69	37	3
69	36	4
69	35	2
69	34	3
69	60	4
69	61	5
69	62	5
69	63	5
69	64	4
69	65	3
69	66	4
69	67	4
69	68	1
69	69	0
69	2	6
69	6	7
69	91	4
69	90	3
69	93	3
69	92	4
69	95	5
69	94	4
69	96	3
69	11	8
69	10	9
69	13	8
69	12	9
69	15	7
69	14	9
69	17	6
69	16	7
69	19	6
69	18	6
69	48	6
69	49	6
69	1	5
69	5	6
69	9	8
69	77	4
69	76	5
69	75	4
69	74	3
69	73	3
69	72	4
69	71	4
69	70	1
69	79	6
69	78	5
2	24	6
2	25	5
2	26	4
2	27	3
2	20	5
2	21	4
2	22	3
2	23	3
2	28	5
2	29	4
2	4	1
2	8	3
2	59	4
2	58	5
2	55	5
2	54	6
2	57	6
2	56	4
2	51	6
2	50	4
2	53	4
2	52	5
2	88	5
2	89	4
2	82	8
2	83	7
2	80	7
2	81	7
2	86	7
2	87	6
2	84	6
2	85	6
2	3	1
2	7	3
2	39	8
2	38	9
2	33	8
2	32	7
2	31	7
2	30	3
2	37	8
2	36	9
2	35	8
2	34	9
2	60	7
2	61	6
2	62	6
2	63	5
2	64	4
2	65	7
2	66	6
2	67	5
2	68	7
2	69	6
2	2	0
2	6	2
2	91	3
2	90	4
2	93	4
2	92	2
2	95	2
2	94	3
2	96	3
2	11	4
2	10	5
2	13	6
2	12	6
2	15	7
2	14	5
2	17	6
2	16	5
2	19	6
2	18	6
2	48	6
2	49	5
2	1	1
2	5	2
2	9	4
2	77	6
2	76	7
2	75	8
2	74	5
2	73	5
2	72	6
2	71	7
2	70	5
2	79	8
2	78	9
6	24	5
6	25	6
6	26	5
6	27	4
6	20	6
6	21	5
6	22	4
6	23	4
6	28	6
6	29	5
6	4	1
6	8	1
6	59	5
6	58	6
6	55	6
6	54	7
6	57	7
6	56	5
6	51	6
6	50	5
6	53	5
6	52	6
6	88	6
6	89	5
6	82	7
6	83	8
6	80	8
6	81	6
6	86	8
6	87	7
6	84	7
6	85	7
6	3	3
6	7	4
6	39	7
6	38	8
6	33	7
6	32	6
6	31	5
6	30	4
6	37	8
6	36	9
6	35	8
6	34	9
6	60	6
6	61	5
6	62	7
6	63	6
6	64	5
6	65	7
6	66	7
6	67	6
6	68	8
6	69	7
6	2	2
6	6	0
6	91	4
6	90	5
6	93	5
6	92	3
6	95	3
6	94	4
6	96	4
6	11	2
6	10	3
6	13	4
6	12	4
6	15	5
6	14	3
6	17	4
6	16	3
6	19	5
6	18	4
6	48	6
6	49	6
6	1	2
6	5	3
6	9	3
6	77	7
6	76	8
6	75	9
6	74	6
6	73	6
6	72	7
6	71	8
6	70	6
6	79	9
6	78	8
91	24	5
91	25	4
91	26	3
91	27	2
91	20	4
91	21	3
91	22	2
91	23	2
91	28	4
91	29	3
91	4	3
91	8	5
91	59	2
91	58	3
91	55	3
91	54	4
91	57	4
91	56	2
91	51	4
91	50	2
91	53	2
91	52	3
91	88	3
91	89	2
91	82	6
91	83	5
91	80	5
91	81	6
91	86	5
91	87	4
91	84	4
91	85	4
91	3	3
91	7	4
91	39	7
91	38	8
91	33	5
91	32	6
91	31	6
91	30	2
91	37	6
91	36	7
91	35	5
91	34	6
91	60	5
91	61	5
91	62	4
91	63	3
91	64	2
91	65	4
91	66	3
91	67	2
91	68	5
91	69	4
91	2	3
91	6	4
91	91	0
91	90	1
91	93	1
91	92	1
91	95	1
91	94	1
91	96	1
91	11	6
91	10	7
91	13	8
91	12	8
91	15	8
91	14	7
91	17	7
91	16	6
91	19	5
91	18	6
91	48	4
91	49	3
91	1	2
91	5	3
91	9	5
91	77	4
91	76	5
91	75	6
91	74	3
91	73	3
91	72	4
91	71	5
91	70	3
91	79	6
91	78	7
90	24	6
90	25	5
90	26	4
90	27	3
90	20	5
90	21	4
90	22	3
90	23	3
90	28	5
90	29	4
90	4	4
90	8	6
90	59	2
90	58	3
90	55	3
90	54	4
90	57	4
90	56	2
90	51	4
90	50	2
90	53	2
90	52	3
90	88	2
90	89	1
90	82	5
90	83	4
90	80	4
90	81	6
90	86	4
90	87	3
90	84	3
90	85	3
90	3	4
90	7	5
90	39	6
90	38	7
90	33	5
90	32	6
90	31	6
90	30	3
90	37	5
90	36	6
90	35	5
90	34	6
90	60	5
90	61	5
90	62	4
90	63	3
90	64	2
90	65	4
90	66	3
90	67	2
90	68	4
90	69	3
90	2	4
90	6	5
90	91	1
90	90	0
90	93	1
90	92	2
90	95	2
90	94	1
90	96	1
90	11	7
90	10	8
90	13	9
90	12	9
90	15	8
90	14	8
90	17	7
90	16	7
90	19	6
90	18	6
90	48	4
90	49	3
90	1	3
90	5	4
90	9	6
90	77	3
90	76	4
90	75	5
90	74	2
90	73	2
90	72	3
90	71	4
90	70	2
90	79	5
90	78	6
93	24	6
93	25	5
93	26	4
93	27	3
93	20	5
93	21	4
93	22	3
93	23	3
93	28	5
93	29	4
93	4	4
93	8	6
93	59	2
93	58	3
93	55	3
93	54	4
93	57	4
93	56	2
93	51	4
93	50	2
93	53	2
93	52	3
93	88	2
93	89	1
93	82	5
93	83	4
93	80	4
93	81	6
93	86	4
93	87	3
93	84	3
93	85	3
93	3	4
93	7	5
93	39	6
93	38	7
93	33	4
93	32	5
93	31	6
93	30	3
93	37	5
93	36	6
93	35	4
93	34	5
93	60	4
93	61	5
93	62	3
93	63	2
93	64	1
93	65	3
93	66	2
93	67	1
93	68	4
93	69	3
93	2	4
93	6	5
93	91	1
93	90	1
93	93	0
93	92	2
93	95	2
93	94	1
93	96	2
93	11	7
93	10	8
93	13	9
93	12	9
93	15	8
93	14	8
93	17	7
93	16	7
93	19	6
93	18	6
93	48	4
93	49	3
93	1	3
93	5	4
93	9	6
93	77	3
93	76	4
93	75	5
93	74	2
93	73	2
93	72	3
93	71	4
93	70	2
93	79	5
93	78	6
92	24	5
92	25	4
92	26	3
92	27	2
92	20	4
92	21	3
92	22	2
92	23	1
92	28	4
92	29	3
92	4	2
92	8	4
92	59	2
92	58	3
92	55	3
92	54	4
92	57	4
92	56	2
92	51	4
92	50	2
92	53	2
92	52	3
92	88	3
92	89	2
92	82	6
92	83	5
92	80	5
92	81	6
92	86	5
92	87	4
92	84	4
92	85	4
92	3	2
92	7	3
92	39	7
92	38	8
92	33	6
92	32	6
92	31	6
92	30	2
92	37	6
92	36	7
92	35	6
92	34	7
92	60	5
92	61	5
92	62	4
92	63	3
92	64	2
92	65	5
92	66	4
92	67	3
92	68	5
92	69	4
92	2	2
92	6	3
92	91	1
92	90	2
92	93	2
92	92	0
92	95	1
92	94	1
92	96	1
92	11	5
92	10	6
92	13	7
92	12	7
92	15	7
92	14	6
92	17	6
92	16	5
92	19	5
92	18	6
92	48	4
92	49	3
92	1	1
92	5	2
92	9	4
92	77	4
92	76	5
92	75	6
92	74	3
92	73	3
92	72	4
92	71	5
92	70	3
92	79	6
92	78	7
95	24	4
95	25	3
95	26	2
95	27	1
95	20	3
95	21	2
95	22	1
95	23	2
95	28	3
95	29	2
95	4	2
95	8	4
95	59	2
95	58	3
95	55	3
95	54	4
95	57	4
95	56	2
95	51	4
95	50	2
95	53	2
95	52	3
95	88	4
95	89	3
95	82	6
95	83	6
95	80	6
95	81	5
95	86	6
95	87	5
95	84	5
95	85	5
95	3	2
95	7	3
95	39	6
95	38	7
95	33	6
95	32	5
95	31	5
95	30	1
95	37	7
95	36	8
95	35	6
95	34	7
95	60	5
95	61	4
95	62	4
95	63	3
95	64	2
95	65	5
95	66	4
95	67	3
95	68	6
95	69	5
95	2	2
95	6	3
95	91	1
95	90	2
95	93	2
95	92	1
95	95	0
95	94	1
95	96	2
95	11	5
95	10	6
95	13	7
95	12	7
95	15	7
95	14	6
95	17	6
95	16	5
95	19	4
95	18	5
95	48	4
95	49	3
95	1	1
95	5	2
95	9	4
95	77	5
95	76	6
95	75	7
95	74	4
95	73	4
95	72	5
95	71	6
95	70	4
95	79	7
95	78	7
94	24	5
94	25	4
94	26	3
94	27	2
94	20	4
94	21	3
94	22	2
94	23	2
94	28	4
94	29	3
94	4	3
94	8	5
94	59	1
94	58	2
94	55	2
94	54	3
94	57	3
94	56	1
94	51	3
94	50	1
94	53	1
94	52	2
94	88	3
94	89	2
94	82	6
94	83	5
94	80	5
94	81	6
94	86	5
94	87	4
94	84	4
94	85	4
94	3	3
94	7	4
94	39	7
94	38	8
94	33	5
94	32	5
94	31	5
94	30	2
94	37	6
94	36	7
94	35	5
94	34	6
94	60	4
94	61	4
94	62	3
94	63	2
94	64	1
94	65	4
94	66	3
94	67	2
94	68	5
94	69	4
94	2	3
94	6	4
94	91	1
94	90	1
94	93	1
94	92	1
94	95	1
94	94	0
94	96	2
94	11	6
94	10	7
94	13	8
94	12	8
94	15	7
94	14	7
94	17	6
94	16	6
94	19	5
94	18	5
94	48	3
94	49	2
94	1	2
94	5	3
94	9	5
94	77	4
94	76	5
94	75	6
94	74	3
94	73	3
94	72	4
94	71	5
94	70	3
94	79	6
94	78	7
96	24	6
96	25	5
96	26	4
96	27	3
96	20	5
96	21	4
96	22	3
96	23	2
96	28	5
96	29	4
96	4	3
96	8	5
96	59	3
96	58	4
96	55	4
96	54	5
96	57	5
96	56	3
96	51	5
96	50	3
96	53	3
96	52	4
96	88	2
96	89	1
96	82	5
96	83	4
96	80	4
96	81	6
96	86	4
96	87	3
96	84	3
96	85	3
96	3	3
96	7	4
96	39	6
96	38	7
96	33	6
96	32	7
96	31	7
96	30	3
96	37	5
96	36	6
96	35	5
96	34	6
96	60	6
96	61	6
96	62	5
96	63	4
96	64	3
96	65	5
96	66	4
96	67	3
96	68	4
96	69	3
96	2	3
96	6	4
96	91	1
96	90	1
96	93	2
96	92	1
96	95	2
96	94	2
96	96	0
96	11	6
96	10	7
96	13	8
96	12	8
96	15	8
96	14	7
96	17	7
96	16	6
96	19	6
96	18	7
96	48	5
96	49	4
96	1	2
96	5	3
96	9	5
96	77	3
96	76	4
96	75	5
96	74	2
96	73	2
96	72	3
96	71	4
96	70	2
96	79	5
96	78	6
11	24	3
11	25	4
11	26	5
11	27	6
11	20	4
11	21	5
11	22	6
11	23	6
11	28	4
11	29	5
11	4	3
11	8	1
11	59	7
11	58	6
11	55	6
11	54	5
11	57	5
11	56	7
11	51	4
11	50	6
11	53	6
11	52	5
11	88	8
11	89	7
11	82	5
11	83	6
11	80	8
11	81	4
11	86	8
11	87	9
11	84	7
11	85	8
11	3	5
11	7	2
11	39	5
11	38	6
11	33	5
11	32	4
11	31	3
11	30	6
11	37	6
11	36	7
11	35	6
11	34	7
11	60	4
11	61	3
11	62	5
11	63	6
11	64	7
11	65	5
11	66	6
11	67	7
11	68	7
11	69	8
11	2	4
11	6	2
11	91	6
11	90	7
11	93	7
11	92	5
11	95	5
11	94	6
11	96	6
11	11	0
11	10	1
11	13	2
11	12	2
11	15	3
11	14	1
11	17	2
11	16	1
11	19	3
11	18	2
11	48	4
11	49	5
11	1	4
11	5	3
11	9	1
11	77	8
11	76	8
11	75	7
11	74	8
11	73	8
11	72	8
11	71	7
11	70	8
11	79	7
11	78	6
10	24	4
10	25	5
10	26	6
10	27	7
10	20	5
10	21	6
10	22	7
10	23	7
10	28	5
10	29	6
10	4	4
10	8	2
10	59	8
10	58	7
10	55	7
10	54	6
10	57	6
10	56	8
10	51	5
10	50	7
10	53	7
10	52	6
10	88	9
10	89	8
10	82	6
10	83	7
10	80	9
10	81	5
10	86	9
10	87	10
10	84	8
10	85	9
10	3	6
10	7	3
10	39	6
10	38	7
10	33	6
10	32	5
10	31	4
10	30	7
10	37	7
10	36	8
10	35	7
10	34	8
10	60	5
10	61	4
10	62	6
10	63	7
10	64	8
10	65	6
10	66	7
10	67	8
10	68	8
10	69	9
10	2	5
10	6	3
10	91	7
10	90	8
10	93	8
10	92	6
10	95	6
10	94	7
10	96	7
10	11	1
10	10	0
10	13	2
10	12	1
10	15	3
10	14	2
10	17	3
10	16	2
10	19	4
10	18	3
10	48	5
10	49	6
10	1	5
10	5	4
10	9	2
10	77	9
10	76	9
10	75	8
10	74	9
10	73	9
10	72	9
10	71	8
10	70	9
10	79	8
10	78	7
13	24	4
13	25	5
13	26	6
13	27	7
13	20	5
13	21	6
13	22	7
13	23	8
13	28	5
13	29	6
13	4	5
13	8	3
13	59	8
13	58	7
13	55	7
13	54	6
13	57	6
13	56	8
13	51	5
13	50	7
13	53	7
13	52	6
13	88	10
13	89	9
13	82	6
13	83	7
13	80	9
13	81	5
13	86	9
13	87	10
13	84	8
13	85	9
13	3	7
13	7	4
13	39	6
13	38	7
13	33	5
13	32	4
13	31	3
13	30	7
13	37	7
13	36	8
13	35	6
13	34	7
13	60	5
13	61	4
13	62	6
13	63	7
13	64	8
13	65	6
13	66	7
13	67	8
13	68	7
13	69	8
13	2	6
13	6	4
13	91	8
13	90	9
13	93	9
13	92	7
13	95	7
13	94	8
13	96	8
13	11	2
13	10	2
13	13	0
13	12	1
13	15	1
13	14	1
13	17	2
13	16	3
13	19	4
13	18	3
13	48	5
13	49	6
13	1	6
13	5	5
13	9	3
13	77	9
13	76	9
13	75	8
13	74	9
13	73	10
13	72	9
13	71	8
13	70	9
13	79	8
13	78	7
12	24	5
12	25	6
12	26	7
12	27	8
12	20	6
12	21	7
12	22	8
12	23	8
12	28	6
12	29	7
12	4	5
12	8	3
12	59	9
12	58	8
12	55	8
12	54	7
12	57	7
12	56	9
12	51	6
12	50	8
12	53	8
12	52	7
12	88	10
12	89	9
12	82	7
12	83	8
12	80	10
12	81	6
12	86	10
12	87	11
12	84	9
12	85	10
12	3	7
12	7	4
12	39	7
12	38	8
12	33	6
12	32	5
12	31	4
12	30	8
12	37	8
12	36	9
12	35	7
12	34	8
12	60	6
12	61	5
12	62	7
12	63	8
12	64	9
12	65	7
12	66	8
12	67	9
12	68	8
12	69	9
12	2	6
12	6	4
12	91	8
12	90	9
12	93	9
12	92	7
12	95	7
12	94	8
12	96	8
12	11	2
12	10	1
12	13	1
12	12	0
12	15	2
12	14	1
12	17	3
12	16	3
12	19	5
12	18	4
12	48	6
12	49	7
12	1	6
12	5	5
12	9	3
12	77	10
12	76	10
12	75	9
12	74	10
12	73	10
12	72	10
12	71	9
12	70	10
12	79	9
12	78	8
15	24	3
15	25	4
15	26	5
15	27	6
15	20	4
15	21	5
15	22	6
15	23	8
15	28	4
15	29	5
15	4	6
15	8	4
15	59	7
15	58	6
15	55	6
15	54	5
15	57	5
15	56	7
15	51	4
15	50	6
15	53	6
15	52	5
15	88	9
15	89	9
15	82	5
15	83	6
15	80	8
15	81	4
15	86	8
15	87	9
15	84	7
15	85	8
15	3	7
15	7	4
15	39	5
15	38	6
15	33	4
15	32	3
15	31	2
15	30	6
15	37	6
15	36	7
15	35	5
15	34	6
15	60	4
15	61	3
15	62	5
15	63	6
15	64	7
15	65	5
15	66	6
15	67	7
15	68	6
15	69	7
15	2	7
15	6	5
15	91	8
15	90	8
15	93	8
15	92	7
15	95	7
15	94	7
15	96	8
15	11	3
15	10	3
15	13	1
15	12	2
15	15	0
15	14	2
15	17	1
15	16	2
15	19	3
15	18	2
15	48	4
15	49	5
15	1	6
15	5	5
15	9	3
15	77	8
15	76	8
15	75	7
15	74	8
15	73	9
15	72	8
15	71	7
15	70	8
15	79	7
15	78	6
14	24	4
14	25	5
14	26	6
14	27	7
14	20	5
14	21	6
14	22	7
14	23	7
14	28	5
14	29	6
14	4	4
14	8	2
14	59	8
14	58	7
14	55	7
14	54	6
14	57	6
14	56	8
14	51	5
14	50	7
14	53	7
14	52	6
14	88	9
14	89	8
14	82	6
14	83	7
14	80	9
14	81	5
14	86	9
14	87	10
14	84	8
14	85	9
14	3	6
14	7	3
14	39	6
14	38	7
14	33	6
14	32	5
14	31	4
14	30	7
14	37	7
14	36	8
14	35	7
14	34	8
14	60	5
14	61	4
14	62	6
14	63	7
14	64	8
14	65	6
14	66	7
14	67	8
14	68	8
14	69	9
14	2	5
14	6	3
14	91	7
14	90	8
14	93	8
14	92	6
14	95	6
14	94	7
14	96	7
14	11	1
14	10	2
14	13	1
14	12	1
14	15	2
14	14	0
14	17	3
14	16	2
14	19	4
14	18	3
14	48	5
14	49	6
14	1	5
14	5	4
14	9	2
14	77	9
14	76	9
14	75	8
14	74	9
14	73	9
14	72	9
14	71	8
14	70	9
14	79	8
14	78	7
17	24	2
17	25	3
17	26	4
17	27	5
17	20	3
17	21	4
17	22	5
17	23	7
17	28	3
17	29	4
17	4	5
17	8	3
17	59	6
17	58	5
17	55	5
17	54	4
17	57	4
17	56	6
17	51	3
17	50	5
17	53	5
17	52	4
17	88	8
17	89	8
17	82	4
17	83	5
17	80	7
17	81	3
17	86	7
17	87	8
17	84	6
17	85	7
17	3	6
17	7	3
17	39	4
17	38	5
17	33	3
17	32	2
17	31	1
17	30	5
17	37	5
17	36	6
17	35	4
17	34	5
17	60	3
17	61	2
17	62	4
17	63	5
17	64	6
17	65	4
17	66	5
17	67	6
17	68	5
17	69	6
17	2	6
17	6	4
17	91	7
17	90	7
17	93	7
17	92	6
17	95	6
17	94	6
17	96	7
17	11	2
17	10	3
17	13	2
17	12	3
17	15	1
17	14	3
17	17	0
17	16	1
17	19	2
17	18	1
17	48	3
17	49	4
17	1	5
17	5	4
17	9	2
17	77	7
17	76	7
17	75	6
17	74	7
17	73	8
17	72	7
17	71	6
17	70	7
17	79	6
17	78	5
16	24	2
16	25	3
16	26	4
16	27	5
16	20	3
16	21	4
16	22	5
16	23	6
16	28	3
16	29	4
16	4	4
16	8	2
16	59	6
16	58	5
16	55	5
16	54	4
16	57	4
16	56	6
16	51	3
16	50	5
16	53	5
16	52	4
16	88	8
16	89	7
16	82	4
16	83	5
16	80	7
16	81	3
16	86	7
16	87	8
16	84	6
16	85	7
16	3	5
16	7	2
16	39	4
16	38	5
16	33	4
16	32	3
16	31	2
16	30	5
16	37	5
16	36	6
16	35	5
16	34	6
16	60	3
16	61	2
16	62	4
16	63	5
16	64	6
16	65	4
16	66	5
16	67	6
16	68	6
16	69	7
16	2	5
16	6	3
16	91	6
16	90	7
16	93	7
16	92	5
16	95	5
16	94	6
16	96	6
16	11	1
16	10	2
16	13	3
16	12	3
16	15	2
16	14	2
16	17	1
16	16	0
16	19	2
16	18	1
16	48	3
16	49	4
16	1	4
16	5	3
16	9	1
16	77	7
16	76	7
16	75	6
16	74	7
16	73	8
16	72	7
16	71	6
16	70	8
16	79	6
16	78	5
19	24	2
19	25	3
19	26	4
19	27	5
19	20	1
19	21	2
19	22	3
19	23	6
19	28	3
19	29	4
19	4	6
19	8	4
19	59	6
19	58	5
19	55	5
19	54	4
19	57	4
19	56	6
19	51	3
19	50	5
19	53	5
19	52	4
19	88	6
19	89	6
19	82	2
19	83	3
19	80	5
19	81	1
19	86	5
19	87	6
19	84	4
19	85	5
19	3	6
19	7	4
19	39	2
19	38	3
19	33	4
19	32	3
19	31	2
19	30	5
19	37	3
19	36	4
19	35	4
19	34	5
19	60	3
19	61	2
19	62	4
19	63	5
19	64	6
19	65	4
19	66	5
19	67	6
19	68	5
19	69	6
19	2	6
19	6	5
19	91	5
19	90	6
19	93	6
19	92	5
19	95	4
19	94	5
19	96	6
19	11	3
19	10	4
19	13	4
19	12	5
19	15	3
19	14	4
19	17	2
19	16	2
19	19	0
19	18	1
19	48	3
19	49	4
19	1	5
19	5	5
19	9	3
19	77	5
19	76	5
19	75	4
19	74	5
19	73	6
19	72	5
19	71	4
19	70	7
19	79	4
19	78	3
18	24	1
18	25	2
18	26	3
18	27	4
18	20	2
18	21	3
18	22	4
18	23	7
18	28	2
18	29	3
18	4	5
18	8	3
18	59	5
18	58	4
18	55	4
18	54	3
18	57	3
18	56	5
18	51	2
18	50	4
18	53	4
18	52	3
18	88	7
18	89	7
18	82	3
18	83	4
18	80	6
18	81	2
18	86	6
18	87	7
18	84	5
18	85	6
18	3	6
18	7	3
18	39	3
18	38	4
18	33	3
18	32	2
18	31	1
18	30	4
18	37	4
18	36	5
18	35	4
18	34	5
18	60	2
18	61	1
18	62	3
18	63	4
18	64	5
18	65	3
18	66	4
18	67	5
18	68	5
18	69	6
18	2	6
18	6	4
18	91	6
18	90	6
18	93	6
18	92	6
18	95	5
18	94	5
18	96	7
18	11	2
18	10	3
18	13	3
18	12	4
18	15	2
18	14	3
18	17	1
18	16	1
18	19	1
18	18	0
18	48	2
18	49	3
18	1	5
18	5	4
18	9	2
18	77	6
18	76	6
18	75	5
18	74	6
18	73	7
18	72	6
18	71	5
18	70	7
18	79	5
18	78	4
48	24	3
48	25	4
48	26	5
48	27	5
48	20	4
48	21	5
48	22	5
48	23	5
48	28	2
48	29	3
48	4	6
48	8	5
48	59	4
48	58	4
48	55	4
48	54	3
48	57	3
48	56	4
48	51	2
48	50	2
48	53	4
48	52	3
48	88	6
48	89	5
48	82	5
48	83	6
48	80	8
48	81	4
48	86	8
48	87	7
48	84	7
48	85	7
48	3	6
48	7	5
48	39	5
48	38	6
48	33	3
48	32	2
48	31	2
48	30	4
48	37	5
48	36	6
48	35	4
48	34	5
48	60	2
48	61	1
48	62	3
48	63	4
48	64	4
48	65	3
48	66	4
48	67	5
48	68	5
48	69	6
48	2	6
48	6	6
48	91	4
48	90	4
48	93	4
48	92	4
48	95	4
48	94	3
48	96	5
48	11	4
48	10	5
48	13	5
48	12	6
48	15	4
48	14	5
48	17	3
48	16	3
48	19	3
48	18	2
48	48	0
48	49	1
48	1	5
48	5	6
48	9	4
48	77	7
48	76	7
48	75	6
48	74	6
48	73	6
48	72	7
48	71	6
48	70	6
48	79	7
48	78	6
49	24	4
49	25	5
49	26	5
49	27	4
49	20	5
49	21	5
49	22	4
49	23	4
49	28	3
49	29	4
49	4	5
49	8	6
49	59	3
49	58	4
49	55	4
49	54	4
49	57	4
49	56	3
49	51	3
49	50	1
49	53	3
49	52	4
49	88	5
49	89	4
49	82	6
49	83	7
49	80	7
49	81	5
49	86	7
49	87	6
49	84	6
49	85	6
49	3	5
49	7	6
49	39	6
49	38	7
49	33	4
49	32	3
49	31	3
49	30	4
49	37	6
49	36	7
49	35	5
49	34	6
49	60	3
49	61	2
49	62	4
49	63	4
49	64	3
49	65	4
49	66	5
49	67	4
49	68	6
49	69	6
49	2	5
49	6	6
49	91	3
49	90	3
49	93	3
49	92	3
49	95	3
49	94	2
49	96	4
49	11	5
49	10	6
49	13	6
49	12	7
49	15	5
49	14	6
49	17	4
49	16	4
49	19	4
49	18	3
49	48	1
49	49	0
49	1	4
49	5	5
49	9	5
49	77	6
49	76	7
49	75	7
49	74	5
49	73	5
49	72	6
49	71	7
49	70	5
49	79	8
49	78	7
1	24	5
1	25	4
1	26	3
1	27	2
1	20	4
1	21	3
1	22	2
1	23	2
1	28	4
1	29	3
1	4	1
1	8	3
1	59	3
1	58	4
1	55	4
1	54	5
1	57	5
1	56	3
1	51	5
1	50	3
1	53	3
1	52	4
1	88	4
1	89	3
1	82	7
1	83	6
1	80	6
1	81	6
1	86	6
1	87	5
1	84	5
1	85	5
1	3	1
1	7	2
1	39	7
1	38	8
1	33	7
1	32	6
1	31	6
1	30	2
1	37	7
1	36	8
1	35	7
1	34	8
1	60	6
1	61	5
1	62	5
1	63	4
1	64	3
1	65	6
1	66	5
1	67	4
1	68	6
1	69	5
1	2	1
1	6	2
1	91	2
1	90	3
1	93	3
1	92	1
1	95	1
1	94	2
1	96	2
1	11	4
1	10	5
1	13	6
1	12	6
1	15	6
1	14	5
1	17	5
1	16	4
1	19	5
1	18	5
1	48	5
1	49	4
1	1	0
1	5	1
1	9	3
1	77	5
1	76	6
1	75	7
1	74	4
1	73	4
1	72	5
1	71	6
1	70	4
1	79	7
1	78	8
5	24	5
5	25	5
5	26	4
5	27	3
5	20	5
5	21	4
5	22	3
5	23	3
5	28	5
5	29	4
5	4	2
5	8	4
5	59	4
5	58	5
5	55	5
5	54	6
5	57	6
5	56	4
5	51	6
5	50	4
5	53	4
5	52	5
5	88	5
5	89	4
5	82	7
5	83	7
5	80	7
5	81	6
5	86	7
5	87	6
5	84	6
5	85	6
5	3	2
5	7	1
5	39	7
5	38	8
5	33	7
5	32	6
5	31	5
5	30	3
5	37	8
5	36	9
5	35	8
5	34	9
5	60	6
5	61	5
5	62	6
5	63	5
5	64	4
5	65	7
5	66	6
5	67	5
5	68	7
5	69	6
5	2	2
5	6	3
5	91	3
5	90	4
5	93	4
5	92	2
5	95	2
5	94	3
5	96	3
5	11	3
5	10	4
5	13	5
5	12	5
5	15	5
5	14	4
5	17	4
5	16	3
5	19	5
5	18	4
5	48	6
5	49	5
5	1	1
5	5	0
5	9	2
5	77	6
5	76	7
5	75	8
5	74	5
5	73	5
5	72	6
5	71	7
5	70	5
5	79	8
5	78	8
9	24	3
9	25	4
9	26	5
9	27	5
9	20	4
9	21	5
9	22	5
9	23	5
9	28	4
9	29	5
9	4	4
9	8	2
9	59	6
9	58	6
9	55	6
9	54	5
9	57	5
9	56	6
9	51	4
9	50	6
9	53	6
9	52	5
9	88	7
9	89	6
9	82	5
9	83	6
9	80	8
9	81	4
9	86	8
9	87	8
9	84	7
9	85	8
9	3	4
9	7	1
9	39	5
9	38	6
9	33	5
9	32	4
9	31	3
9	30	5
9	37	6
9	36	7
9	35	6
9	34	7
9	60	4
9	61	3
9	62	5
9	63	6
9	64	6
9	65	5
9	66	6
9	67	7
9	68	7
9	69	8
9	2	4
9	6	3
9	91	5
9	90	6
9	93	6
9	92	4
9	95	4
9	94	5
9	96	5
9	11	1
9	10	2
9	13	3
9	12	3
9	15	3
9	14	2
9	17	2
9	16	1
9	19	3
9	18	2
9	48	4
9	49	5
9	1	3
9	5	2
9	9	0
9	77	8
9	76	8
9	75	7
9	74	7
9	73	7
9	72	8
9	71	7
9	70	7
9	79	7
9	78	6
77	24	7
77	25	8
77	26	7
77	27	6
77	20	6
77	21	7
77	22	6
77	23	5
77	28	8
77	29	7
77	4	6
77	8	8
77	59	5
77	58	6
77	55	6
77	54	7
77	57	7
77	56	5
77	51	7
77	50	5
77	53	5
77	52	6
77	88	2
77	89	2
77	82	3
77	83	2
77	80	2
77	81	4
77	86	2
77	87	3
77	84	1
77	85	2
77	3	6
77	7	7
77	39	4
77	38	5
77	33	5
77	32	6
77	31	7
77	30	6
77	37	3
77	36	4
77	35	4
77	34	5
77	60	6
77	61	7
77	62	6
77	63	5
77	64	4
77	65	5
77	66	5
77	67	4
77	68	5
77	69	4
77	2	6
77	6	7
77	91	4
77	90	3
77	93	3
77	92	4
77	95	5
77	94	4
77	96	3
77	11	8
77	10	9
77	13	9
77	12	10
77	15	8
77	14	9
77	17	7
77	16	7
77	19	5
77	18	6
77	48	7
77	49	6
77	1	5
77	5	6
77	9	8
77	77	0
77	76	1
77	75	2
77	74	1
77	73	2
77	72	3
77	71	4
77	70	3
77	79	3
77	78	4
76	24	7
76	25	8
76	26	8
76	27	7
76	20	6
76	21	7
76	22	7
76	23	6
76	28	7
76	29	8
76	4	7
76	8	9
76	59	6
76	58	7
76	55	7
76	54	6
76	57	6
76	56	6
76	51	7
76	50	6
76	53	6
76	52	7
76	88	3
76	89	3
76	82	4
76	83	3
76	80	3
76	81	4
76	86	3
76	87	4
76	84	2
76	85	3
76	3	7
76	7	8
76	39	3
76	38	4
76	33	4
76	32	5
76	31	6
76	30	7
76	37	2
76	36	3
76	35	3
76	34	4
76	60	5
76	61	6
76	62	6
76	63	6
76	64	5
76	65	4
76	66	5
76	67	5
76	68	4
76	69	5
76	2	7
76	6	8
76	91	5
76	90	4
76	93	4
76	92	5
76	95	6
76	94	5
76	96	4
76	11	8
76	10	9
76	13	9
76	12	10
76	15	8
76	14	9
76	17	7
76	16	7
76	19	5
76	18	6
76	48	7
76	49	7
76	1	6
76	5	7
76	9	8
76	77	1
76	76	0
76	75	1
76	74	2
76	73	3
76	72	4
76	71	3
76	70	4
76	79	4
76	78	4
75	24	6
75	25	7
75	26	8
75	27	8
75	20	5
75	21	6
75	22	7
75	23	7
75	28	6
75	29	7
75	4	8
75	8	8
75	59	7
75	58	6
75	55	6
75	54	5
75	57	5
75	56	7
75	51	6
75	50	7
75	53	7
75	52	7
75	88	4
75	89	4
75	82	4
75	83	4
75	80	4
75	81	3
75	86	4
75	87	5
75	84	3
75	85	4
75	3	8
75	7	8
75	39	2
75	38	3
75	33	3
75	32	4
75	31	5
75	30	8
75	37	1
75	36	2
75	35	2
75	34	3
75	60	4
75	61	5
75	62	5
75	63	6
75	64	6
75	65	3
75	66	4
75	67	5
75	68	3
75	69	4
75	2	8
75	6	9
75	91	6
75	90	5
75	93	5
75	92	6
75	95	7
75	94	6
75	96	5
75	11	7
75	10	8
75	13	8
75	12	9
75	15	7
75	14	8
75	17	6
75	16	6
75	19	4
75	18	5
75	48	6
75	49	7
75	1	7
75	5	8
75	9	7
75	77	2
75	76	1
75	75	0
75	74	3
75	73	4
75	72	3
75	71	2
75	70	5
75	79	4
75	78	3
74	24	7
74	25	7
74	26	6
74	27	5
74	20	6
74	21	6
74	22	5
74	23	4
74	28	7
74	29	6
74	4	5
74	8	7
74	59	4
74	58	5
74	55	5
74	54	6
74	57	6
74	56	4
74	51	6
74	50	4
74	53	4
74	52	5
74	88	1
74	89	1
74	82	3
74	83	2
74	80	2
74	81	4
74	86	2
74	87	2
74	84	1
74	85	1
74	3	5
74	7	6
74	39	5
74	38	6
74	33	6
74	32	7
74	31	7
74	30	5
74	37	4
74	36	5
74	35	5
74	34	6
74	60	6
74	61	7
74	62	5
74	63	4
74	64	3
74	65	5
74	66	4
74	67	3
74	68	4
74	69	3
74	2	5
74	6	6
74	91	3
74	90	2
74	93	2
74	92	3
74	95	4
74	94	3
74	96	2
74	11	8
74	10	9
74	13	9
74	12	10
74	15	8
74	14	9
74	17	7
74	16	7
74	19	5
74	18	6
74	48	6
74	49	5
74	1	4
74	5	5
74	9	7
74	77	1
74	76	2
74	75	3
74	74	0
74	73	1
74	72	2
74	71	3
74	70	2
74	79	3
74	78	4
73	24	8
73	25	7
73	26	6
73	27	5
73	20	7
73	21	6
73	22	5
73	23	4
73	28	7
73	29	6
73	4	5
73	8	7
73	59	4
73	58	5
73	55	5
73	54	6
73	57	6
73	56	4
73	51	6
73	50	4
73	53	4
73	52	5
73	88	2
73	89	1
73	82	4
73	83	3
73	80	3
73	81	5
73	86	3
73	87	3
73	84	2
73	85	2
73	3	5
73	7	6
73	39	4
73	38	5
73	33	5
73	32	6
73	31	7
73	30	5
73	37	3
73	36	4
73	35	4
73	34	5
73	60	6
73	61	7
73	62	5
73	63	4
73	64	3
73	65	5
73	66	4
73	67	3
73	68	4
73	69	3
73	2	5
73	6	6
73	91	3
73	90	2
73	93	2
73	92	3
73	95	4
73	94	3
73	96	2
73	11	8
73	10	9
73	13	10
73	12	10
73	15	9
73	14	9
73	17	8
73	16	8
73	19	6
73	18	7
73	48	6
73	49	5
73	1	4
73	5	5
73	9	7
73	77	2
73	76	3
73	75	4
73	74	1
73	73	0
73	72	1
73	71	2
73	70	2
73	79	4
73	78	5
72	24	7
72	25	8
72	26	7
72	27	6
72	20	6
72	21	7
72	22	6
72	23	5
72	28	7
72	29	7
72	4	6
72	8	8
72	59	5
72	58	6
72	55	6
72	54	6
72	57	6
72	56	5
72	51	7
72	50	5
72	53	5
72	52	6
72	88	3
72	89	2
72	82	5
72	83	4
72	80	4
72	81	4
72	86	4
72	87	4
72	84	3
72	85	3
72	3	6
72	7	7
72	39	3
72	38	4
72	33	4
72	32	5
72	31	6
72	30	6
72	37	2
72	36	3
72	35	3
72	34	4
72	60	5
72	61	6
72	62	6
72	63	5
72	64	4
72	65	4
72	66	5
72	67	4
72	68	4
72	69	4
72	2	6
72	6	7
72	91	4
72	90	3
72	93	3
72	92	4
72	95	5
72	94	4
72	96	3
72	11	8
72	10	9
72	13	9
72	12	10
72	15	8
72	14	9
72	17	7
72	16	7
72	19	5
72	18	6
72	48	7
72	49	6
72	1	5
72	5	6
72	9	8
72	77	3
72	76	4
72	75	3
72	74	2
72	73	1
72	72	0
72	71	1
72	70	3
72	79	5
72	78	4
71	24	6
71	25	7
71	26	8
71	27	7
71	20	5
71	21	6
71	22	7
71	23	6
71	28	6
71	29	7
71	4	7
71	8	8
71	59	6
71	58	6
71	55	6
71	54	5
71	57	5
71	56	6
71	51	6
71	50	6
71	53	6
71	52	7
71	88	4
71	89	3
71	82	4
71	83	5
71	80	5
71	81	3
71	86	5
71	87	5
71	84	4
71	85	4
71	3	7
71	7	8
71	39	2
71	38	3
71	33	3
71	32	4
71	31	5
71	30	7
71	37	1
71	36	2
71	35	2
71	34	3
71	60	4
71	61	5
71	62	5
71	63	6
71	64	5
71	65	3
71	66	4
71	67	5
71	68	3
71	69	4
71	2	7
71	6	8
71	91	5
71	90	4
71	93	4
71	92	5
71	95	6
71	94	5
71	96	4
71	11	7
71	10	8
71	13	8
71	12	9
71	15	7
71	14	8
71	17	6
71	16	6
71	19	4
71	18	5
71	48	6
71	49	7
71	1	6
71	5	7
71	9	7
71	77	4
71	76	3
71	75	2
71	74	3
71	73	2
71	72	1
71	71	0
71	70	4
71	79	4
71	78	3
70	24	8
70	25	7
70	26	6
70	27	5
70	20	7
70	21	6
70	22	5
70	23	4
70	28	7
70	29	6
70	4	5
70	8	7
70	59	4
70	58	5
70	55	5
70	54	6
70	57	6
70	56	4
70	51	6
70	50	4
70	53	4
70	52	5
70	88	2
70	89	1
70	82	5
70	83	4
70	80	4
70	81	6
70	86	4
70	87	3
70	84	3
70	85	3
70	3	5
70	7	6
70	39	5
70	38	6
70	33	4
70	32	5
70	31	6
70	30	5
70	37	4
70	36	5
70	35	3
70	34	4
70	60	5
70	61	6
70	62	5
70	63	4
70	64	3
70	65	4
70	66	4
70	67	3
70	68	2
70	69	1
70	2	5
70	6	6
70	91	3
70	90	2
70	93	2
70	92	3
70	95	4
70	94	3
70	96	2
70	11	8
70	10	9
70	13	9
70	12	10
70	15	8
70	14	9
70	17	7
70	16	8
70	19	7
70	18	7
70	48	6
70	49	5
70	1	4
70	5	5
70	9	7
70	77	3
70	76	4
70	75	5
70	74	2
70	73	2
70	72	3
70	71	4
70	70	0
70	79	5
70	78	6
79	24	6
79	25	7
79	26	8
79	27	8
79	20	5
79	21	6
79	22	7
79	23	7
79	28	7
79	29	8
79	4	8
79	8	8
79	59	7
79	58	8
79	55	8
79	54	7
79	57	7
79	56	7
79	51	7
79	50	7
79	53	7
79	52	8
79	88	4
79	89	4
79	82	4
79	83	3
79	80	1
79	81	3
79	86	3
79	87	4
79	84	2
79	85	3
79	3	8
79	7	8
79	39	2
79	38	3
79	33	5
79	32	6
79	31	6
79	30	8
79	37	3
79	36	4
79	35	4
79	34	5
79	60	6
79	61	6
79	62	7
79	63	7
79	64	6
79	65	5
79	66	6
79	67	6
79	68	5
79	69	6
79	2	8
79	6	9
79	91	6
79	90	5
79	93	5
79	92	6
79	95	7
79	94	6
79	96	5
79	11	7
79	10	8
79	13	8
79	12	9
79	15	7
79	14	8
79	17	6
79	16	6
79	19	4
79	18	5
79	48	7
79	49	8
79	1	7
79	5	8
79	9	7
79	77	3
79	76	4
79	75	4
79	74	3
79	73	4
79	72	5
79	71	4
79	70	5
79	79	0
79	78	1
78	24	5
78	25	6
78	26	7
78	27	8
78	20	4
78	21	5
78	22	6
78	23	8
78	28	6
78	29	7
78	4	9
78	8	7
78	59	8
78	58	7
78	55	7
78	54	6
78	57	6
78	56	8
78	51	6
78	50	8
78	53	8
78	52	7
78	88	5
78	89	5
78	82	3
78	83	4
78	80	2
78	81	2
78	86	4
78	87	5
78	84	3
78	85	4
78	3	9
78	7	7
78	39	1
78	38	2
78	33	4
78	32	5
78	31	5
78	30	8
78	37	2
78	36	3
78	35	3
78	34	4
78	60	5
78	61	5
78	62	6
78	63	7
78	64	7
78	65	4
78	66	5
78	67	6
78	68	4
78	69	5
78	2	9
78	6	8
78	91	7
78	90	6
78	93	6
78	92	7
78	95	7
78	94	7
78	96	6
78	11	6
78	10	7
78	13	7
78	12	8
78	15	6
78	14	7
78	17	5
78	16	5
78	19	3
78	18	4
78	48	6
78	49	7
78	1	8
78	5	8
78	9	6
78	77	4
78	76	4
78	75	3
78	74	4
78	73	5
78	72	4
78	71	3
78	70	6
78	79	1
78	78	0
